 1.942  1.964 8
 5.409  3.861 8
-0.662 -1.484 8
 2.939  3.202 4
-4.473 -2.938 8
 1.114  4.464 4
 6.162  3.054 8
 1.162  1.118 4
 1.832  2.737 4
 3.770 -1.575 4
 5.701  5.442 8
 0.664  6.682 4
 2.657  2.649 8
 1.838  3.099 8
 4.315  4.468 8
 0.707  5.511 8
 1.789  3.097 4
-0.189  2.764 8
 4.750  1.059 4
 1.267  3.243 4
 0.437 -0.914 8
 4.331  4.146 8
 2.913  5.906 4
 3.821  3.469 8
11.875 10.888 8
-1.791 -0.082 4
 4.486  5.256 4
 1.228 -1.251 4
-1.063  3.252 4
 3.682  3.486 8
 0.970  2.645 8
 1.241  2.524 4
 3.963  0.897 4
 3.413  6.393 8
 5.231  2.240 4
 1.581  4.009 8
 5.066  3.563 8
 6.598  4.488 8
 6.147  5.359 8
 3.873  2.315 4
 4.041  6.457 8
 1.814  4.173 4
 1.121  3.679 8
 5.563 -1.604 8
 3.444  2.228 4
 4.746  1.450 4
-2.032 -1.042 8
-2.228  0.119 8
 0.666  4.886 4
 1.748  3.083 4
 3.266  2.884 8
 2.280  4.639 4
 2.592  1.309 8
 6.770  1.702 8
 2.677  4.088 8
 4.081  3.450 8
 2.661  2.659 4
 3.075 10.804 8
 3.331  3.195 4
 4.495  4.406 8
-3.500  0.568 8
 3.181  2.583 4
 3.238  4.448 4
 1.164  0.979 4
-0.201  0.229 8
-2.511  0.054 8
 0.464 -0.694 4
 2.859  2.234 4
 1.422  2.931 4
 2.190  3.968 4
 0.868  4.851 8
-1.383  1.846 4
 0.145  4.240 4
 0.319  3.575 8
 2.008  0.149 4
 1.282  6.501 4
 2.873  1.701 4
-1.720  0.171 8
-3.262 -2.037 8
 1.797  6.202 8
 3.074  4.878 8
 2.669  1.219 4
 4.986  4.924 4
-0.107  1.851 4
 2.574  1.695 4
-1.653 -0.071 8
-1.470  3.027 4
 0.542  5.374 4
 2.559  3.741 4
 1.916  0.915 8
 3.242  3.819 8
 4.867  5.744 8
 0.816  6.187 8
 3.306  0.970 8
 2.181  1.320 4
 2.166  3.484 4
 2.905  0.549 4
 7.657  4.542 4
 0.414  5.650 4
 1.568  5.731 8
 4.751 11.757 8
 7.113  2.942 4
 1.416  0.789 4
 3.475 10.509 8
-1.283 -0.766 8
 0.244  2.524 4
 2.993  3.124 4
 2.594  4.902 4
 0.924  4.175 8
 1.360  5.955 4
-1.405  2.539 4
 1.808  3.294 4
 3.768 -0.691 4
 1.392  2.517 8
-0.022  4.292 4
 2.727  0.687 8
 4.548  3.167 8
 0.728  2.701 4
 2.287  3.961 8
 3.511  0.025 8
 4.922  5.674 8
 1.720  5.857 8
-5.540  0.141 8
 3.561  6.181 4
-2.115  1.266 8
 6.270  3.358 4
 3.191  3.675 8
 2.081  5.764 4
 2.957  3.554 8
 3.188  0.608 4
 2.717  1.140 4
 5.505  3.023 4
 5.739  7.142 8
 6.084  6.876 8
 1.475  2.555 8
 7.274  8.728 8
-2.195  0.144 8
 7.330  5.869 8
-2.015  0.253 4
 7.938  4.895 8
-2.888  4.038 4
 3.379  4.992 8
-2.513 -1.134 8
-1.747  3.475 4
 3.852  0.775 8
-1.630  3.876 4
 4.735  7.908 8
-0.620  1.754 8
 1.760  1.486 4
-0.691  2.491 8
 0.417  5.209 8
 0.868  1.376 4
-0.587  3.080 4
 2.546  2.041 4
 3.706  4.983 8
 2.122 -0.713 8
-0.674 -4.205 8
 0.247  6.282 4
-1.215  3.062 4
 5.799  0.756 4
 1.397 -0.668 4
-0.668  2.998 4
 4.789  3.047 8
-2.391  4.318 4
 0.187  2.310 4
 2.818  2.986 4
-0.746  0.606 4
-1.953  4.776 4
 6.209  6.865 8
 1.677  2.126 4
 4.133  0.964 4
 4.715  6.498 8
 4.259  4.355 8
 6.074  2.648 8
 1.443  1.508 4
 0.447  2.117 4
-4.021 -1.563 8
 1.136  6.137 8
-3.573  1.064 8
-2.187  3.669 4
10.990 10.806 8
-0.716  4.927 8
 0.249  3.735 8
 1.029  2.477 8
 0.765  1.787 8
 2.598  4.806 8
 3.443  2.632 8
 0.712  6.940 4
 1.919  2.991 4
 2.335  3.326 4
 2.236  2.783 4
 1.085  2.084 8
 4.813  2.648 8
 2.084  2.401 8
 5.230  4.391 4
-0.732  0.295 8
 2.729  6.623 4
 0.479 -1.264 8
 3.154  3.116 8
 2.524  3.610 8
 3.495  3.063 8
 2.314  0.505 8
 2.976  3.243 4
 2.946  2.678 8
-0.058  2.166 8
 5.154  3.710 4
-3.413 -2.428 8
 0.296  2.256 4
 0.604  5.695 8
-0.742  0.901 8
-3.076 -2.305 8
 2.482  0.673 4
 1.253  2.245 4
 0.880  2.466 4
 0.402  2.553 4
-2.170  0.984 4
 3.672  4.955 4
 0.114  3.281 4
 1.901  2.140 4
 2.641  2.806 8
 3.904  0.407 4
 1.951  1.971 8
 0.811  0.722 4
 2.293  4.386 8
-1.611 -1.069 8
 1.537  2.123 4
 4.141 -0.203 4
 4.430  4.422 8
 2.365  6.687 4
 0.812  0.625 8
 3.346  0.671 8
 3.562  6.052 4
 3.953  2.673 8
 3.963  7.428 4
 1.182  0.455 4
 1.398  2.079 8
 4.058  0.255 4
 1.466  2.264 4
 2.306  7.129 8
 0.878  6.029 4
 0.978  0.490 4
 5.168 10.225 8
 2.582  2.963 4
-1.514  5.705 8
 2.973  4.731 4
 1.664  6.731 4
 0.376  3.151 4
 2.724  2.028 4
-0.268  6.886 8
 1.929  5.219 4
 0.195  1.660 4
 3.256  2.616 8
 2.515  1.757 8
 1.419  3.956 8
 2.820  0.198 4
 3.456  1.924 4
 0.061  3.586 4
 2.954  6.784 8
-2.333 -2.326 8
 2.300  1.964 8
 1.639  3.765 4
 1.399  3.321 8
 0.807  3.029 4
 2.535  1.280 4
 0.395  2.878 8
-0.988  0.734 8
 1.299  0.360 4
-2.564  1.075 4
-4.190 -4.508 8
 5.076  7.595 8
 1.951  0.173 4
 2.627  6.576 8
 1.319  0.888 4
 2.916 -1.798 4
 2.746  2.684 4
 1.412  5.550 4
 6.542  6.973 4
 3.174  2.072 8
 1.756  2.802 8
-1.992  1.414 8
 0.164  3.003 8
 1.641  2.372 8
 5.700  2.124 8
 1.956  1.992 4
 3.935  2.534 4
 1.036  2.286 4
 7.093  6.028 4
 5.521  4.734 8
 7.099  9.119 8
 3.031 -2.149 8
-2.474  0.197 8
 3.168  3.145 8
 2.106  3.309 4
 3.049  1.645 4
-1.174 -0.375 8
 3.846  2.678 4
 1.723  3.662 8
 5.365  7.316 8
 4.335  0.630 4
-0.469  5.725 4
 4.444  1.165 8
 5.370  2.387 8
 0.078  0.329 8
-0.109  3.789 8
-0.122  1.524 4
 0.926  4.526 4
-1.627  0.302 4
 5.087  5.465 8
 5.065  8.265 8
 0.016  2.330 4
 1.459  4.799 8
 4.231 -0.038 8
 5.983  2.651 8
 7.575  7.039 8
 0.234 -2.580 8
 3.704  2.823 8
-4.706 -1.037 8
 0.773  1.792 4
 4.920  2.607 8
 2.036  6.511 8
-0.755  1.620 4
 1.604  2.816 4
 2.603  2.938 8
 0.320 -0.171 4
 3.354  1.854 8
 1.699  2.588 8
 1.328  0.114 4
 1.078  2.681 8
 1.144  1.740 4
 3.448  3.411 8
 6.076  3.421 8
 4.593  6.202 8
-0.383 -0.736 8
 2.376  2.421 4
-0.171  1.641 8
 2.699  2.045 4
 5.498  1.289 4
 5.447  3.187 4
 3.005  0.781 8
 2.014  4.260 4
 4.918  4.353 4
 7.063  5.690 8
-1.023  3.175 4
 1.312  5.620 4
-2.380 -0.108 8
 6.066  6.805 8
 6.297  7.352 8
-2.591 -0.544 8
 1.831  4.456 8
 1.195  2.137 4
 1.641  1.497 8
-0.069  2.612 8
-5.598  1.374 8
 4.645  4.064 8
 4.981  6.281 8
 2.852  4.021 8
-0.047 -0.025 4
-1.025 -0.056 8
 0.406  3.862 8
 0.551  1.081 8
 2.638  2.513 4
 2.872  5.839 8
-2.382  0.074 8
 0.183  4.533 8
 1.207  6.966 8
 6.782  6.291 8
-3.928 -0.713 8
 1.610  2.396 4
 0.441  2.780 4
 1.915  3.542 8
 2.064  3.196 4
 2.045  3.986 4
 1.581  5.070 8
 1.632  1.680 8
 7.427  5.411 8
-0.333 -2.350 8
 5.300  8.254 8
 3.664  3.391 8
 2.163  3.792 8
 0.205  1.239 4
 2.046  0.948 8
-0.460  2.267 8
 2.015  2.513 8
 1.373  3.278 4
 3.451  9.894 8
 3.443  1.358 4
 1.030  3.183 4
 1.210  3.622 4
 2.141  3.003 4
 3.195  3.245 4
 2.669  5.656 8
 1.228  2.315 4
-0.202  5.487 8
 3.067  2.957 4
 1.301  2.122 4
 2.829  6.161 8
-1.892  0.977 8
 4.000  4.429 8
-4.456 -0.137 8
 1.800  0.608 4
 0.572  2.548 4
 2.291  4.983 4
 4.199  6.743 8
 0.826  1.694 8
 0.965 -0.530 8
 3.347  4.600 8
 4.252  2.853 4
 1.454  3.857 8
 4.579  4.534 4
 3.472  3.820 4
 1.856  2.355 4
 4.172  1.645 8
 2.672  5.857 8
 5.246  3.666 8
 1.937  5.542 4
 2.355  2.291 4
 2.755  1.961 4
 0.026  5.450 4
 3.324  4.224 8
-1.178  4.516 4
-0.039  2.870 4
 1.812  3.912 4
-2.518 -0.978 8
 1.678  1.507 4
-1.134  3.503 4
 7.547 12.389 8
-1.070  4.346 4
 2.639  1.246 8
 7.584  2.570 4
-0.361 -1.302 8
 3.423  6.318 8
 2.655  0.154 4
 6.389  6.192 8
 0.634  0.441 8
 2.426  3.529 4
 2.672  3.565 4
 2.972  3.197 4
 0.148  5.116 4
-1.221 -2.410 8
 3.058  5.945 8
 9.350  9.948 8
-3.157 -0.714 8
 0.684  3.574 4
 0.992  3.172 8
 5.286  1.757 8
-0.109  0.668 8
 0.725  3.006 8
 1.553  1.801 8
 1.774  7.211 8
 4.665  7.385 8
-1.835 -3.200 8
-1.873  2.974 4
 1.707  3.853 4
 6.736  5.487 4
 1.608  1.079 8
 0.796  0.746 4
 3.984  5.364 8
-4.581 -0.386 4
-0.324  4.077 4
 0.233  2.763 8
 0.820  3.026 4
 7.302 10.217 8
 4.469  5.874 8
-0.131  2.753 4
 3.221  6.277 8
 6.866 10.695 8
-4.945  0.484 8
 0.827  4.168 4
-1.153  1.366 8
-0.198  0.607 4
 5.012  6.918 8
 4.027  4.806 8
 2.110  0.256 8
 1.615  4.667 4
 1.828  2.813 8
 5.033  4.052 8
 1.818  5.246 4
 4.587  5.459 8
 1.853  5.107 4
-0.694  2.939 4
 1.374  6.939 8
 4.434  6.796 4
 5.858  5.126 8
 3.649 -1.249 4
-0.750 -0.026 8
 2.454  4.084 4
 5.964  2.267 8
 5.039  2.817 4
 5.755 -1.095 4
 2.855  6.560 4
 1.672  3.153 4
-1.205  4.941 4
-0.943  1.456 4
 3.169  1.003 4
 3.180  7.683 8
-2.068  2.305 8
-0.449 -0.381 4
 1.614  4.648 4
 4.475  2.099 4
-4.072 -5.413 8
-0.633  1.324 4
 8.432 11.892 8
-0.012  2.121 4
 1.591  3.838 4
 3.304  2.798 4
 4.235  3.769 8
 6.525  4.697 8
 1.285  3.225 4
-0.611  0.090 8
 1.929  4.696 4
 1.871  6.302 8
-6.354 -3.125 8
 1.347  3.847 4
 3.431  3.450 4
-1.903 -4.070 8
-0.335  3.987 4
 4.031  4.774 8
-4.042  9.622 4
 0.086  4.721 4
 1.987 -0.053 4
 0.536  1.044 4
 1.420  4.338 8
 2.364  2.857 8
-1.075 -1.626 8
 2.520  7.084 8
-1.299 -0.021 8
 3.993  1.763 8
 7.214  8.433 8
 4.368  0.801 8
-0.460  2.832 4
 4.420  1.503 4
 4.821  2.709 8
 2.096  5.217 8
 2.089  4.425 8
 0.580  2.406 4
 2.959  2.521 4
 1.250  2.293 4
 9.449  6.535 8
 2.469  2.934 4
 7.432  4.573 8
 1.670  3.006 4
 4.925  8.643 8
 4.775  3.278 8
 6.572  0.612 4
 2.085  4.373 4
-0.654  3.856 8
-5.611 -4.890 8
 3.578  0.955 4
 1.632  5.013 8
 2.750  4.848 8
 0.920  4.278 4
 4.873  1.715 8
-0.467  2.645 8
 4.466  7.135 8
-2.431 -1.184 8
-5.053 -2.504 8
 4.042  6.106 8
 1.080  3.482 4
 3.218  5.104 4
 2.752 -0.152 8
 1.717  1.654 4
-0.218  1.452 8
 4.661  1.393 4
 2.525  2.894 8
 2.744  3.325 4
-0.876  5.627 4
 2.361  3.813 4
 1.181  1.911 8
 0.450 -1.163 8
 1.490  1.907 4
 1.151  5.353 4
 3.468  5.800 4
 1.932  1.445 4
 2.277  6.485 4
-0.113  1.443 8
 3.967  3.023 8
 6.140  4.292 8
-1.894  2.927 4
 1.279  1.982 4
 2.274  3.991 8
-1.850 -1.491 8
 1.392  4.073 4
-0.195  0.826 8
 0.471 -2.465 4
 0.394  6.974 4
 1.678  1.957 8
-0.935 -1.518 8
-0.424  2.378 8
-2.267  5.921 4
 5.430  1.487 4
 1.572 -1.063 8
 1.775  2.695 8
 2.244  3.757 4
-3.481 -3.155 8
 1.255  0.228 8
-0.188  3.162 8
-0.980 -2.500 8
-0.310  5.328 8
 0.750  2.049 8
 4.981  0.315 4
 1.360  2.322 8
 4.108  2.283 4
 0.680  3.978 4
 2.441  8.687 8
 1.511  7.237 4
 2.028 -1.087 8
-1.195  3.555 4
-0.701  3.783 4
 1.655  4.253 4
 0.681  3.279 4
 1.377  2.013 4
 0.149  6.603 8
 0.542  1.115 4
 0.041  5.225 8
 2.772  5.679 4
-2.825 -6.322 8
 3.746  3.498 4
 0.317  2.138 4
 1.432  4.306 8
-1.479 -0.126 8
-1.213 -2.370 8
 3.103  6.159 8
-2.123  0.640 8
-4.800 -0.316 8
 2.957  3.091 4
-0.387  6.194 4
 0.518  3.852 4
 1.170 -0.561 4
 6.724 10.903 8
 3.600  7.593 4
 3.507  3.649 8
 1.736  2.451 8
 1.611  3.553 8
 0.020  1.680 8
 0.034  2.673 4
 4.299  3.081 8
-1.204  1.322 8
 5.884  3.429 4
 2.692  0.660 4
 3.217  0.105 4
 3.322  4.692 8
-1.260  0.824 8
 5.124  7.531 8
-1.592  2.187 8
 7.601  9.989 8
 0.851  1.342 4
 3.266  4.386 4
 4.861  3.483 4
 2.653  2.583 8
 3.942  1.440 8
 2.132  2.579 8
 2.218  8.252 4
 1.460  4.084 4
-0.282  4.307 4
 2.996  2.061 4
 1.855  2.164 4
 0.567  1.689 4
 3.503  4.912 8
 5.233  6.635 8
 1.974  2.986 8
 2.611  1.505 4
 2.469  6.480 8
 0.597  4.324 4
 1.546  2.655 4
 0.623  4.604 4
 1.808  2.935 8
 3.892  5.990 4
 2.313  0.923 4
 0.841  2.863 4
 1.935  3.120 8
 1.331  0.955 4
 5.042  4.781 4
-3.865 -1.584 8
 2.569  5.230 4
-1.054 -0.739 8
-0.203  1.859 8
 2.896  3.660 4
 6.206  7.186 8
 6.338  6.305 8
 3.686  2.197 4
-0.058  1.552 8
-3.294 -2.870 8
 3.618  1.650 4
-1.833  0.697 8
 0.861  3.668 4
-1.620 -4.423 8
 0.655  0.137 8
-0.114  5.192 4
-1.604 -0.447 8
 3.537  0.387 4
 0.923  7.105 4
 0.878  4.837 4
 3.615  2.790 8
 2.520  0.824 4
 0.957  3.180 4
 1.115  4.468 8
 0.047 -0.625 4
 0.375  1.523 4
 5.200  2.231 4
 3.117  5.561 4
 4.357  5.771 4
 3.333  5.894 8
 3.490  3.054 4
-3.613 -1.595 8
 3.639  5.105 4
-0.875  0.117 8
 3.639  3.313 4
 0.532 -1.374 8
 1.691  3.666 4
-1.378 -2.457 8
 0.689  2.193 8
-0.303  5.955 4
 1.087  2.822 8
 2.735  4.125 4
-1.771  6.546 4
 2.341  5.243 8
 5.559  2.632 8
 1.525  4.402 4
 6.709  1.820 4
 1.828  5.417 4
 3.884  8.263 8
 5.087 10.230 8
-0.217  2.704 8
 2.891  4.168 4
 1.313  0.139 8
 5.667  2.801 8
 0.485  2.467 4
 2.688  2.678 4
 0.243 -0.831 8
 3.976 -1.427 4
 1.139 -0.365 8
 2.533  3.432 8
 3.999  3.357 8
 0.625 -3.008 8
-0.084  0.278 4
 0.626  1.997 8
-1.254  3.112 4
 1.749  1.952 4
 3.811  1.217 4
 2.641  5.076 8
 3.482  5.424 8
 4.321  1.268 4
-0.307  4.048 4
 2.430  2.796 4
 3.381  3.181 4
 2.713  5.084 8
 2.571  4.357 4
 5.845  6.864 8
 0.526  4.891 4
-4.312 -4.894 8
-0.092  0.987 8
 0.338  2.403 4
 5.694  7.717 8
 5.875  3.279 4
 2.585  2.228 8
-3.167 -0.440 8
 2.429  3.774 4
-1.738  2.582 4
-1.793  2.145 4
-2.449  2.829 4
 0.026 -2.842 8
-1.352  2.539 8
 5.651  5.139 8
 2.601 -2.520 8
 2.451  1.336 8
 3.885  2.693 4
 4.986  9.087 8
-0.679  5.765 4
 4.326  7.814 8
 1.942  3.580 4
 2.045 -2.156 4
 2.859 -0.715 4
 1.184  2.422 4
 3.157  2.337 8
 1.927  4.898 8
 2.235 -1.040 8
-1.751 -0.079 8
 1.475  3.273 8
 1.579  3.579 4
 1.468 -0.167 4
 1.298  1.726 4
-0.047 -0.785 8
 1.315  1.896 8
 5.593  2.259 8
 0.931  1.259 4
 1.245  3.051 4
 5.226  5.249 8
-0.140  5.286 4
-1.002  1.784 8
 2.204  6.234 8
 1.118  3.156 4
 3.737  4.699 4
 3.032  2.844 4
 3.411  2.889 4
-0.269  1.343 8
 4.183  9.014 8
 0.688  0.167 8
-1.875  4.102 8
-0.810  2.123 8
 4.046  3.054 8
 4.547  4.113 8
 7.924 10.389 8
 0.543  5.603 4
-0.664 -0.532 8
 1.734  4.126 4
-2.989  1.274 8
 5.061  3.536 4
 4.119  4.711 8
 1.141  4.248 4
-6.252 -4.024 8
 1.680  4.701 8
 1.310  4.997 4
-0.547  0.616 8
 2.092  3.687 4
 3.480  0.802 8
 1.758  2.873 4
 2.389  4.868 4
 1.151  1.465 4
 3.723  7.059 4
 4.333  4.435 8
 1.978  2.119 8
 3.963  3.347 4
-1.365 -0.559 8
-1.009  4.405 4
 0.978  3.791 4
-1.084  2.692 8
 0.498  2.895 8
 1.845  0.661 4
 3.942  4.485 4
 0.056  0.594 4
 5.413  8.491 8
-1.190 -0.305 4
 1.617  2.730 4
 1.601  2.890 4
 2.271  6.299 4
 1.218  1.921 4
 1.166  4.367 4
 5.775  0.912 8
 2.248  1.379 4
 3.859  6.226 4
 2.081  4.438 8
-0.540  1.186 4
 3.144  4.163 4
-6.210 -7.391 8
 5.898  6.604 8
 3.588  6.475 4
 3.208  2.761 4
 5.590  5.862 8
 0.362  1.380 4
 0.425  1.876 4
 1.937  4.643 4
 4.306  2.412 4
 1.365  0.609 8
 4.790  2.212 4
 1.847  1.508 4
 5.851  1.690 4
 7.870  2.452 4
-1.019 -2.133 8
-7.213 -3.264 8
-1.748  2.610 4
-0.830  7.260 4
 4.008  6.746 4
-2.666  0.626 8
 1.623  2.650 4
 2.476  3.985 8
 1.475  4.621 4
-0.930  2.294 4
 1.641  2.650 4
 3.558  2.345 4
-0.269 -0.554 8
 4.457  2.135 8
 0.427  4.892 4
 0.842  2.486 8
 2.289  4.399 4
 3.765  2.693 8
 4.239  8.396 8
 2.766  2.204 4
-0.609  5.011 8
 3.358  4.574 4
 0.439  3.325 4
 0.241  2.521 4
 8.118  8.368 8
 4.684  2.664 4
 3.208  2.275 4
 1.724  3.212 8
 0.321  2.206 4
 1.448  2.804 4
 4.893  6.874 8
-3.561 -3.972 8
 0.226  5.343 4
 3.522  3.509 8
 5.595  5.863 8
 1.922  0.851 4
 4.342  2.875 4
-0.139  0.559 8
-1.317  6.310 4
 4.935  9.472 8
-1.820  0.032 8
 3.098  0.877 8
 0.447  2.543 8
 4.587  6.471 8
 2.034  3.916 4
 6.121  4.702 8
-0.389  2.847 4
 0.011  2.726 4
 2.168  2.546 4
-0.196  4.477 8
 2.015  3.152 8
-0.786  2.386 8
 4.003  1.932 8
 0.708  4.731 8
 2.681  8.306 8
 3.849  1.189 8
 1.873  2.564 4
 1.033  4.279 4
 4.272  3.718 4
 0.660  4.962 4
 0.932  1.189 4
-0.461  6.596 4
-1.534  3.238 4
-0.290  0.149 8
 2.692 -1.325 8
 5.622  1.718 4
 2.658  6.148 8
 3.956  0.347 4
 1.117  3.939 4
 0.952  1.129 8
 0.115  2.868 8
 3.364  6.067 8
-3.200 -3.184 8
 0.599  4.435 4
 3.990  4.467 4
 4.788  6.291 8
-2.647  0.608 8
 1.953 -1.183 8
 1.954  0.086 8
 2.350  2.306 4
 2.250  0.421 4
-1.214  3.024 4
 4.085  2.704 8
 6.498  8.273 8
-2.263 -1.541 4
-1.427 -1.008 8
 4.887  6.156 8
 3.789  4.181 4
-1.545  1.114 8
 1.982  3.330 4
 2.417  3.207 4
-0.009  4.820 4
 6.799  6.281 8
-0.665  4.500 4
 1.139  3.372 4
 0.572  4.198 4
 6.872  2.691 8
 0.010  6.181 8
 1.661  2.578 8
 4.257  3.289 8
 1.495  2.474 8
 5.373  5.529 4
 0.477  4.040 8
 2.937  4.421 4
 3.497  6.220 8
 4.935  1.919 4
 7.632  3.179 8
 0.342  2.991 4
 3.154  0.562 4
-1.279  4.424 4
 1.654  1.734 4
 0.557  4.263 4
 1.255 -0.806 4
 0.622  5.240 8
 4.471  4.586 4
 2.643 -0.769 4
 3.503  3.253 4
 6.893  5.514 8
 2.652  3.151 4
-0.069  5.065 4
 1.893  4.007 8
 7.925  6.204 8
-0.438 -1.183 8
 0.542  6.534 4
 2.734  2.297 8
-3.701 -4.545 8
 1.703  4.278 4
-0.279 -0.627 4
 0.442 -0.358 8
 1.416  2.874 4
 1.875  1.403 8
-0.919  2.545 8
-1.051 -1.050 8
-1.202 -0.447 4
 1.939  3.577 4
 3.480  0.856 8
 4.810  4.210 8
-0.661  0.329 4
 6.817 10.548 8
 4.091  3.783 4
 8.883  7.870 8
 4.814  5.140 8
 0.746  3.146 4
 5.287  7.791 8
 3.846  2.922 8
 0.949  2.386 4
 1.387  0.282 4
-3.174  0.274 8
11.654 13.727 8
 1.551 -0.465 4
 4.165  6.041 4
 0.446  2.994 4
 0.912  6.416 8
 1.640  5.110 4
 0.259  6.131 8
 0.069 -0.605 8
 1.342  4.438 4
 1.662  1.362 8
-2.505  7.311 4
 1.112  1.649 4
 2.412 -0.747 8
 1.004  8.168 4
-0.033  3.541 8
-6.157 -0.197 8
 0.303  3.582 8
 3.831  5.023 8
 0.083  2.020 8
 5.621  3.640 4
 1.382  2.116 4
 2.144  1.982 8
-0.917 -0.580 8
 0.660  0.907 8
 1.841  4.148 8
-0.978  1.289 8
 0.335  2.426 8
 0.188  4.689 8
-0.974  3.665 4
 2.525  3.522 4
 1.606  3.833 4
-3.000 -1.029 8
 2.847  4.173 8
 7.136  6.444 8
 5.837  3.999 4
 6.354  9.317 8
 0.359  3.675 4
 1.752  1.834 4
 5.351  0.620 8
 1.481  0.293 8
 0.563  1.956 8
 3.034  3.551 8
-4.250 -4.052 8
-2.092 -0.041 8
-0.825  1.660 8
 6.355  6.878 8
 3.183  5.404 4
 1.509  2.319 4
-1.731  0.064 4
 7.098  4.747 8
 1.810  5.235 8
 3.238  3.652 4
 1.110  1.535 4
 6.021  1.434 4
 0.353  7.502 8
 5.013  5.380 8
-2.643  4.201 4
 1.366  1.899 8
 2.387  3.735 8
 1.990  1.227 8
-0.035  0.860 4
 0.410  2.458 8
 3.048  0.660 8
-0.185  3.395 8
 2.200  1.086 4
-3.697  1.512 8
 0.817  2.504 4
 1.803  5.626 8
-0.735  3.312 8
-5.101 -1.646 8
 5.219  5.904 8
 3.496  2.845 4
-0.739  2.755 4
-0.977  4.288 4
 3.117  1.935 4
 5.488  3.888 8
 1.256 -0.175 4
 5.109  5.043 8
 0.086  1.730 8
 2.024  4.443 4
 1.141  3.863 8
 5.108  4.522 4
 1.934  2.345 4
 1.589  4.144 8
 6.835  5.188 8
-4.377 -1.636 8
 1.691  2.232 4
 4.430  3.479 4
 2.011  3.270 4
 5.474  4.500 8
 1.384  4.400 4
 2.579  3.112 4
-1.911  0.621 8
-5.192 -1.077 8
 6.263  6.388 8
-3.440  3.081 4
 0.866  4.508 4
 0.648  3.853 4
 3.693  5.746 4
 2.702  0.714 4
 0.829  2.871 8
 2.317  6.147 4
-2.020  2.854 4
-1.136  1.957 4
 1.622  1.352 4
 0.386  0.467 4
 2.962  5.561 4
 0.106  0.285 4
 1.831  4.665 4
-1.121  0.113 8
 3.028  4.735 8
 3.797  6.103 4
 4.985  6.915 8
-0.730  4.905 4
 1.298  3.415 8
 2.454  6.695 4
-1.080  1.869 4
 2.178  4.681 8
-2.263  0.205 8
 0.556 -3.962 8
 0.757  1.297 8
 5.476  3.966 8
 0.400  2.603 4
-1.062  2.408 4
 4.068  5.524 4
 4.713  3.402 8
 2.167  4.812 4
-3.398  2.080 4
 2.220  2.897 4
 3.969  4.220 8
 2.191  2.776 4
 0.571  2.309 4
-0.506  2.287 4
 2.143 -0.724 8
 7.859  6.889 8
-2.477 -1.135 8
 4.392  5.048 4
 2.548  4.930 4
 2.018  2.944 4
 5.475  4.006 8
 4.119  3.333 4
 3.853  3.102 4
-1.399  3.616 4
 3.689  3.293 4
 3.917  1.017 4
 0.656  4.167 4
 0.721  5.152 4
-1.196  0.744 8
-6.421 -2.985 8
 8.406  2.977 8
 0.722  4.290 4
-1.978  2.627 8
 1.440  4.166 4
 4.020  3.993 4
 3.864  6.287 4
-0.235  6.006 8
-3.226  2.640 4
 2.075  5.217 4
 1.095  1.441 4
-0.019  0.125 8
-1.486  0.654 8
-1.403  2.612 8
 1.919  4.890 8
 3.864  4.385 4
 2.215  2.697 4
 5.652  6.399 8
-1.525 -3.108 8
-0.981  1.415 4
 0.429  3.526 8
 1.847  3.731 4
 0.372  4.589 8
-0.279  0.446 8
 4.141  1.078 4
 1.788  4.889 8
 1.717  1.595 4
 1.600  0.280 4
-3.272  5.748 4
 7.269  1.240 4
 4.209  6.400 4
 1.128  0.901 8
 2.998  3.036 4
 2.281  0.143 4
 3.073  3.426 8
 3.606  4.253 8
 0.866  3.750 8
 2.409  2.210 4
 5.030  3.498 8
 0.700  5.533 4
 2.750 -0.396 4
 5.288  1.805 4
 0.633  1.247 4
-0.189  4.339 4
 1.245  0.676 4
 7.794  6.075 8
 2.427  4.695 4
 1.135  2.199 4
 2.006  2.662 4
-5.019 -5.903 8
 4.955  3.332 4
 1.923  3.995 8
 1.845 -0.717 8
 4.156  2.305 4
 2.977  1.485 4
-0.395  4.948 4
 1.444 -1.053 4
 0.044  3.720 8
 2.188 -0.348 4
 2.475  5.375 4
 0.084  0.869 4
 3.919  7.783 4
 1.586  5.047 8
 0.245  6.191 4
 1.690  4.208 4
 6.108  2.149 4
 0.896  3.981 4
 0.556  5.310 4
-1.818  0.437 8
 3.103  1.258 8
 6.072  4.734 8
 0.835  4.048 4
 4.120  4.146 8
-1.589  3.355 4
-0.047  0.109 8
 1.847  1.972 8
 6.225  1.902 4
-2.492 -0.848 8
 3.828  2.465 4
-3.826 -0.908 8
 7.871 10.508 8
 4.742  4.828 8
 3.498  1.643 4
 1.190  3.977 8
 6.712  4.193 4
-1.718 -2.237 8
 0.822  4.850 4
 4.231  3.943 8
 6.339  4.955 8
 0.783 -0.108 4
 2.139  1.342 8
-3.963 -2.067 8
 1.831  1.037 8
 3.951  3.339 4
 4.566  4.731 4
 0.113  3.586 4
 1.941  3.342 4
-1.350  1.760 8
 6.144  1.906 4
-1.374  2.692 8
 4.501  3.998 8
 1.665  5.012 4
-0.559  2.252 4
 1.069  0.050 8
 0.195  5.212 4
 0.321  5.138 4
 6.993 10.294 8
 3.191  8.184 4
 0.769  0.895 8
 0.365  2.089 4
 1.667  1.615 8
 6.013  6.753 8
-2.470 -1.882 8
 3.178  3.569 4
-0.485 -0.528 4
-1.765  2.849 8
 1.896  3.821 4
 5.893  4.360 8
-2.042  3.801 8
-2.296  1.850 8
-2.446  3.075 8
 0.702  4.856 4
 0.717  1.377 8
 4.302  4.612 4
 9.034 10.046 8
-0.614  2.133 4
 2.459  4.224 4
 4.524  6.248 8
 2.898  3.540 4
 3.034 -0.154 4
 4.514  1.991 4
 4.474  2.904 4
 0.788  4.695 8
 1.294 -0.141 8
 4.466  2.864 8
 0.865  5.981 4
 1.286  3.513 4
 0.241  0.550 8
 0.531 -0.182 8
 3.763  4.305 4
 5.273  5.279 8
 6.411  6.475 8
-0.307  2.024 8
-0.320  1.850 4
 2.201  3.891 4
 3.622  2.136 4
 0.727  4.171 4
 3.755  3.826 4
-1.681  3.834 4
 3.544  3.905 4
 2.476 -1.769 8
-3.208  0.622 8
 2.484  2.373 4
-1.763  6.382 4
 3.845  2.725 4
 2.156  2.967 4
 0.471  4.648 4
 3.354  1.157 4
 1.772  4.929 4
 3.316  3.657 4
 4.208  3.702 4
 2.098  0.637 4
 2.517  4.027 4
 1.282  2.693 4
 3.828  0.292 4
-0.435  1.040 4
 8.071  6.785 8
-1.165  0.523 4
 2.425  5.887 4
 2.145  0.880 4
-2.593  3.181 4
 1.216  2.639 4
 5.315  4.207 8
 5.768  2.116 8
 3.974  4.862 4
-1.528  0.177 8
 4.409  8.357 8
 0.926 -1.338 8
 6.325 10.349 8
 1.551  2.370 4
 1.569  0.661 8
 2.075  3.859 4
 0.111  0.194 4
 1.270  1.933 4
 8.586  7.944 8
 3.955  0.548 8
 2.807  0.610 4
 0.350  2.971 8
-2.257  5.488 4
-5.661 -3.323 8
 1.540  4.963 4
 1.531  7.255 4
-0.865  5.874 4
 4.393  1.768 4
 2.409  4.016 8
 5.687 10.756 8
 0.532  1.512 8
 0.664  1.341 4
-0.517 -0.246 8
 3.096  5.186 4
 2.492  1.330 4
-1.634  2.183 8
 3.460 -0.187 4
 3.953  6.421 8
 1.450  2.480 8
 4.135  4.059 8
 2.099 -0.417 4
-0.141  3.156 8
-0.140 -1.455 8
-1.523 -1.359 8
-5.242 -3.288 8
 1.713  4.907 4
 0.935  2.266 4
-0.315  6.156 4
 0.311  2.160 4
 1.240  2.134 8
 7.210  3.311 8
 4.517  7.054 8
 1.687  3.498 8
 4.128  5.049 8
-5.665 -5.770 8
 3.989 -1.925 4
 1.620  1.459 4
 4.456  7.737 8
 1.770 -0.911 4
 3.778  5.006 8
 6.260  1.560 4
-1.264 -0.376 8
 4.707  3.911 4
 2.212  4.865 8
 1.607  7.179 4
-4.054  4.653 4
 2.889  3.233 4
 2.437  4.051 4
 5.321  3.957 8
 1.190  1.542 8
 5.966  5.756 4
 3.534  4.371 8
-2.851 -3.024 8
 2.368 -1.728 4
 3.481 -0.702 4
 1.753  2.470 4
 2.343 -0.575 4
-0.878  2.167 4
 0.885  4.372 4
 5.344  4.138 4
 0.380  4.119 4
 1.194  2.549 8
 4.503  4.917 4
 1.216  3.026 4
 1.390  0.396 4
 3.061  3.328 8
 3.904  6.753 8
 0.225  3.510 4
 5.637  6.192 4
-1.552  3.800 4
 0.352  3.162 4
 5.151  4.019 8
 4.097  3.619 8
 0.904  4.012 8
 0.976  0.783 4
 2.537  4.446 8
-0.921  2.588 4
 0.779  7.327 4
 5.350  4.534 8
 0.538 -2.415 8
 2.063 -0.235 8
 3.820  3.758 4
 2.421  4.903 4
 2.895  0.918 4
 4.652  3.181 4
 3.673  6.144 8
 3.894  0.775 8
-0.253  2.042 4
 2.065  3.601 8
-0.759  1.597 8
-0.091  4.795 4
 5.447  4.111 4
-2.487  1.180 8
 2.889  4.416 8
 4.123  3.468 8
 3.736  2.988 4
-3.214 -1.488 8
 1.616  2.225 8
-2.150  1.899 8
 0.249  4.559 8
 3.360 -0.124 8
-1.756  4.202 4
 2.725  3.598 4
 1.278  3.367 8
-1.023  5.851 8
 0.447  3.089 8
 6.561  3.957 4
-0.931  5.758 4
 1.078  5.367 4
 1.335  4.540 4
-1.217  2.821 8
 2.933  4.064 8
 0.690  2.047 8
 2.561  4.402 4
 3.529  0.577 4
 1.078 -0.153 8
 4.385 -1.475 4
 3.339  4.803 8
-0.014  4.722 4
 3.371  7.461 8
 4.018  6.372 8
 2.759  2.156 4
 4.852  6.802 4
 5.168  4.792 4
-2.980  3.808 4
 5.783  4.436 8
 3.319  1.503 8
 3.953  5.639 4
 3.677 -0.106 4
-1.126  0.483 4
10.789  9.877 8
 5.882  2.680 4
-0.452  1.726 4
-1.050  2.480 8
-3.392 -3.756 8
 3.656  5.056 4
 4.272  1.037 4
-2.271  0.378 8
 1.504  3.180 8
 7.080  4.945 4
 4.268  2.476 8
-2.440 -4.198 8
 5.280 -0.997 4
 1.374  3.833 4
 7.125  6.535 8
 4.294  2.605 4
 0.445  1.035 8
 4.497  1.449 4
 5.095  2.560 4
 3.671  6.573 8
 1.927  1.136 4
 0.996  2.906 4
 3.542  7.568 8
-2.698  1.497 8
 0.549  5.411 4
-0.222  1.672 8
-1.052  3.448 8
 5.737  5.975 8
 0.311  5.412 4
 0.470  0.001 8
 3.296  5.250 8
 0.600  3.927 4
 6.073  5.011 8
 7.071 -0.810 4
 2.160  2.000 4
-2.291  0.014 8
 0.957  3.528 4
 4.726  4.934 4
 1.966  1.311 4
 2.507  0.675 8
 5.805  1.752 4
 2.226  2.643 8
 4.270  3.781 8
 0.313  3.616 8
 3.041  0.815 4
 3.320  7.345 4
 2.169  3.526 4
 0.776  0.655 4
 5.349  5.938 8
 2.586  4.675 4
-3.667  3.327 4
 2.772  0.274 4
 2.178  3.451 4
-0.048  2.715 8
 0.298  2.318 8
 2.517  5.226 4
-1.428  4.287 4
 6.099 -0.921 4
 3.740  2.689 4
-2.382 -0.866 4
 5.445  7.549 8
 4.255 -0.875 4
 3.411  6.877 4
-3.085 -0.033 8
 2.019  3.148 8
 3.006  2.525 4
 1.837  0.759 8
 1.636  4.859 4
-0.152  0.637 8
 4.078  1.206 4
 2.086  3.189 4
 4.389  4.249 8
 0.735  3.952 4
 1.614  3.282 4
 0.663  1.939 8
 0.725  7.140 8
-0.824  5.962 4
 2.757 -2.323 4
 1.898  1.275 4
 0.768  5.899 8
 0.040  3.030 4
 5.953  6.035 4
-2.599 -3.699 8
 3.323  6.127 4
 3.938  7.027 8
 7.044  8.133 8
-1.060  0.902 8
 3.605  3.511 4
-2.564 -5.629 8
 3.775  7.478 8
 3.015  3.041 4
 0.268  5.156 4
 4.993  2.341 8
 1.059  2.734 4
 2.629  3.927 8
 4.825 -0.284 8
 7.060  7.417 8
 1.294  5.229 8
 2.357  0.279 4
-0.815 -0.597 8
-0.547  1.469 8
 2.673  2.354 4
 0.599  2.671 4
 1.831  0.133 8
 2.393  1.670 4
 3.330  1.066 4
-0.800  4.787 8
 1.498  1.483 8
 2.351  2.718 8
-0.068  3.391 4
 2.184  1.433 4
-1.884 -0.148 4
-0.585  0.873 4
 1.502  4.897 4
 3.115  1.486 8
-1.082 -2.279 8
 1.330  4.525 8
 1.862  2.984 4
 3.239  3.191 4
 6.160  6.156 4
-0.551  2.199 4
 2.148  8.475 4
 2.057  4.604 4
 2.480  1.616 8
 2.917  1.857 8
 1.069  1.631 8
 3.043  2.783 4
-1.614  1.948 4
 0.823  3.238 4
 2.098  3.268 4
 2.195  3.492 4
 2.168  4.467 4
 3.011  2.363 8
 0.684  1.220 8
-0.667  0.224 8
 4.184  6.258 8
 1.722  5.082 4
 5.239  6.759 8
 0.360  3.191 4
-2.046 -0.339 8
 2.072  3.048 4
 1.549  2.936 8
 2.966  0.494 4
 5.394  0.379 8
 0.290  4.608 4
 3.263  4.150 4
 3.989  6.324 8
 3.495  6.939 8
 4.038  5.372 8
 2.512  1.095 4
-2.786  3.311 4
 4.159  4.818 8
 5.021  2.721 8
-1.357 -0.391 8
-0.675  1.854 8
 6.915  7.349 8
 3.332  1.762 8
 6.288  4.902 8
-0.166  3.176 8
-0.183  3.513 4
 2.286  6.213 4
 2.342  4.140 4
-0.798 -2.265 8
 0.458  4.242 8
 2.427  7.667 8
 6.334 -0.322 4
-0.437  3.209 8
 1.187  3.473 4
 2.209  5.028 8
 0.781  6.357 4
 2.814 -0.520 4
 1.342  4.965 4
 1.449  2.796 4
 1.617  5.449 4
 2.567  3.877 4
-4.773 -3.022 8
-3.443  4.540 4
 0.383  0.881 8
-0.345  0.782 8
 4.245  6.756 8
 2.427  3.621 8
-0.495  7.574 4
 4.227  2.993 4
 0.157  3.162 8
 4.949  4.226 8
 0.131  3.353 4
 8.711 12.298 8
-2.748 -1.849 8
 5.421  4.505 8
 0.452 -0.461 4
 2.339  4.128 4
 1.288 -0.237 4
 0.370  1.532 8
 6.186  3.379 8
 1.889  2.927 4
 4.636  2.270 8
 6.804  6.416 8
 1.217  3.240 4
-2.900 -0.638 8
 5.065  2.923 8
-1.629 -5.781 8
 3.764 -3.065 4
 0.126  0.211 4
 0.180 -0.796 8
 5.284  1.806 4
 3.447  1.934 4
 2.325  7.097 4
 2.955  5.249 4
 3.744  4.024 8
 4.400  4.351 4
-0.200  0.945 4
-2.190  2.360 8
 3.568  2.539 4
 5.629  9.312 8
 3.391  2.285 4
 4.139  3.502 8
 1.859  5.525 4
 2.591  0.778 8
-1.086  2.332 4
 2.696  0.126 8
 6.891  3.155 4
 7.042  8.371 8
 3.895  3.161 4
-0.041  0.296 8
 0.656  3.666 4
 2.717  6.806 4
 6.221  2.924 8
-0.066  3.565 8
 1.773  3.587 4
 3.458  4.988 4
 0.130 -0.692 8
 1.096  1.869 8
 2.758  1.418 4
 3.118  2.221 8
 1.358  3.617 8
 2.254  4.734 4
 0.079 -0.927 8
-1.632  1.198 4
 4.349  4.617 8
 3.800 -2.471 8
 0.229  0.700 4
 1.343  4.939 4
 6.276  2.576 8
 3.036  5.368 8
 1.909  4.190 4
 4.668  4.577 8
 2.143 -0.041 4
-0.538  1.923 4
 8.269  2.704 8
 2.167  0.305 4
 0.736  3.767 4
 8.971  8.938 8
 2.327  4.357 8
 1.947  1.216 8
 0.605  1.336 4
 2.014  2.494 4
 5.673  3.916 4
 0.880  1.450 4
 3.529  2.396 4
-0.471  1.395 8
 3.805  9.892 8
 3.017  3.201 4
 1.053  4.604 8
 0.572  5.455 8
 1.723  4.613 8
-0.842  3.264 8
 2.338  4.149 4
 1.994  3.809 4
 0.683  2.075 8
 3.420  3.485 4
 1.856  2.024 4
 1.911  3.758 4
-2.547 -0.720 8
 1.565  2.465 8
 1.185  6.201 8
-1.187  0.730 4
 1.823  7.220 4
 1.006  3.577 8
 4.138  6.275 4
 2.740  4.010 8
 2.211  5.447 4
 3.942  1.149 8
 2.456  1.623 4
-0.225  3.975 8
 2.238  0.692 8
 0.627  2.578 4
 1.919  3.679 4
 4.095  6.169 8
-0.257  7.770 4
 3.324  4.003 8
 1.874  3.011 8
 5.914  5.683 4
 0.576  2.906 4
-0.612  3.864 4
-1.322 -1.468 8
 0.754  3.737 4
 4.692  5.246 4
-1.939 -0.577 8
 1.065 -0.730 4
 3.932  3.923 4
 1.665  4.082 8
 8.576 11.954 8
 1.163  3.656 4
 4.578  6.500 8
 3.378 -0.648 8
 6.258  4.216 8
-0.552  1.779 4
 3.947  5.740 8
 0.816  3.031 4
 4.747  8.256 8
 2.723  0.165 4
-0.396  1.008 4
 4.900  3.398 4
-3.353  0.003 8
 3.952  3.194 4
 1.085  1.832 8
 5.422  6.937 8
 1.121  4.491 8
-3.781  0.604 8
 8.379  8.406 4
-2.875 -0.955 8
 2.722  3.925 4
 4.541  0.415 4
-0.385  0.188 8
 6.007  2.901 4
 5.765  1.790 4
 1.465  3.453 4
 0.345  2.538 8
-3.288  2.006 8
 0.749  1.007 4
 4.794  2.329 4
 5.211  6.374 8
 4.960  4.751 8
-4.522 -1.998 8
 4.959  5.865 8
-0.468  0.946 8
 3.892  1.648 4
 3.548 -1.198 4
 0.478  0.314 8
 0.732  2.461 4
-0.683  0.145 8
 1.493  2.467 8
 1.524  5.468 8
 3.335  3.763 8
 3.696  3.599 8
-0.447  5.919 8
-0.170  3.338 8
-0.997  3.373 8
 9.726  7.177 8
 1.060  5.291 4
-1.860  1.350 8
-1.926  6.550 4
-1.266  2.641 8
 0.944  1.946 4
 4.836  3.757 4
 6.481  5.222 8
 1.983  2.890 4
 1.588  5.999 4
 0.012 -0.509 8
 5.699  3.300 4
 1.471  5.907 4
 0.951  4.343 4
-1.468  1.031 4
-0.436  1.546 8
 8.107  8.898 8
-0.979  3.951 4
 6.569  1.779 8
-3.363 -1.236 8
 4.879  5.377 8
 3.759 10.328 8
 1.521  0.562 8
-1.483  2.301 4
 3.395  1.707 4
 0.752  4.951 4
 1.121  3.492 4
 7.381  7.522 8
-1.916 -1.066 8
-0.211  0.008 8
 6.139  0.672 8
 0.900  2.301 4
 0.735  0.546 8
 3.387  3.267 4
-1.460  1.412 8
-4.453 -6.041 8
 1.484  4.785 8
 2.548  4.175 8
 0.953  3.082 8
10.792 11.211 8
 2.162  1.146 4
 2.635  2.563 8
 4.623  0.559 4
 1.576  0.939 4
 1.704  5.953 4
 0.816  3.244 8
 1.594  2.221 4
 2.538  4.827 4
 1.618  2.677 8
-2.814  0.725 8
 0.658  2.493 4
 2.044  1.213 4
-3.111 -1.301 8
 1.381  4.351 4
 1.116  4.585 4
 1.429  6.090 8
 7.653  6.042 8
 0.303  4.160 4
-1.155 -0.395 8
 0.943  4.747 4
10.165 12.824 8
 0.157  5.566 4
-3.254 -2.798 8
 1.554  2.558 8
 0.891  3.172 4
 0.533  3.197 8
 8.265  7.720 8
 1.345  3.654 8
 1.963  4.133 4
 3.089  0.991 8
 3.640  3.693 4
 1.202  0.247 8
 1.457  2.270 4
 3.054  1.194 4
 7.371  5.848 8
-0.394  0.668 8
 3.011  0.828 4
 5.578  4.788 8
-0.301  2.205 4
 9.025  5.734 8
 3.520  3.477 4
 8.360  7.809 8
 2.023  2.527 8
 1.794  1.677 8
 4.742  5.321 8
-3.552  1.996 8
-1.376  2.579 4
 1.867  2.367 4
 2.264  5.742 4
 2.662  5.906 8
 3.116  2.383 8
 3.758  5.229 8
 2.543  2.040 4
-1.536 -0.549 8
-0.098  1.438 8
 0.658  3.153 4
-3.506 -4.367 8
 2.719  5.437 4
 7.309 10.867 8
-1.126  3.317 4
-2.319 -2.858 8
 4.361  6.155 8
 1.206  3.692 4
-6.147 -2.775 8
 2.992  3.623 8
 1.346  3.158 4
 5.850 -0.314 8
 3.118  7.232 8
 3.100  2.647 4
 3.321  2.015 8
 2.347  3.929 4
 0.180  8.891 4
 3.354  1.323 4
 1.971 -0.045 8
 2.991  1.336 4
 2.811 -1.678 8
-3.844 -2.431 8
 1.666 -4.195 8
 1.809  3.672 4
-0.129  1.807 4
 2.290 -1.385 4
 2.141  1.833 4
 4.002 -0.484 4
 2.350  2.573 8
 0.215  0.924 8
 2.964  4.248 4
-1.830 -2.390 8
 2.832  4.769 8
 3.237  3.213 4
 2.635  5.591 8
 5.462  9.380 8
 3.932  5.603 4
 5.164  9.369 8
 1.251 -0.493 4
 3.637  5.203 8
 5.025  5.555 8
-1.988  3.813 4
 0.340  4.312 8
 0.869  3.526 4
-0.641  1.619 8
 0.360  2.578 4
 1.570  2.528 4
 0.057  2.011 4
 7.358  8.222 8
 2.974 -0.263 4
-0.621  3.924 4
-0.764  2.834 8
 1.804  0.802 4
-2.357  0.785 4
 4.384  4.483 8
 2.533  4.084 4
 3.836  8.425 4
-1.265  7.579 4
-0.309  5.231 4
-0.358  0.543 8
 0.168  0.224 8
 0.335  3.606 4
 3.706  7.408 8
-1.322  1.333 8
-5.030 -1.059 8
 1.504  4.438 8
 2.809  1.877 4
-1.872 -1.448 8
 3.167  2.757 8
 2.448  5.916 8
 1.076 -2.468 8
 1.058 -0.286 8
 4.566  3.202 4
 8.523  9.749 8
 5.436  9.047 8
 0.357  1.713 4
 6.712 -0.211 4
-0.591  2.689 8
-2.693  1.606 8
 5.573 -0.437 4
 3.565  3.692 4
-1.272  7.832 4
 3.102  5.962 4
 1.848  2.703 8
 0.667  4.087 8
 1.746  0.396 8
 0.777  1.639 4
 0.446  5.772 4
