 2.686  3.876 4
 5.969  5.593 4
 4.545  1.556 4
 3.819  4.495 4
 5.038  2.318 4
 3.953  4.225 4
 3.483  2.684 8
 1.087  1.432 8
 1.326 -0.460 4
-0.222  3.023 4
 4.599  1.307 4
 1.822  4.409 8
 1.027 -0.259 4
 1.002  0.736 8
 1.443  1.148 8
 1.609  4.335 8
 1.032  0.048 4
 1.617  2.619 8
 4.119  5.674 4
 2.438  2.731 8
 1.892  1.901 4
 1.275  1.981 8
 2.112  1.444 4
 2.621  2.687 4
-0.369  1.714 4
 1.208  1.412 8
 0.539  2.730 8
 2.431  5.290 8
 0.385  1.845 8
 2.619  1.855 4
 1.533  3.260 8
 1.730  3.130 4
 2.625  5.567 8
 2.235  3.611 8
 3.684  3.350 8
 0.708  1.206 4
 3.502  3.783 8
 5.209  4.224 4
 1.175  1.835 8
 0.637  2.319 4
 3.240  4.551 8
 2.341  0.449 4
 2.140  4.200 8
 1.566  2.707 4
 2.118  0.888 8
 2.179  4.164 4
 3.047  5.803 4
 1.812  2.728 8
 1.839  5.308 4
-0.421 -2.069 4
 2.922  3.092 8
 0.613  2.492 8
 1.042  3.274 8
 4.155  0.343 4
-0.629  1.056 4
 0.569  1.151 8
 2.400  2.774 4
 3.212  3.917 4
 2.491  4.324 4
 3.262  4.195 4
 1.842  1.346 8
 2.049  5.027 4
 0.798  4.337 4
 2.866  4.607 8
 2.750  2.462 4
 1.544 -0.281 4
 1.507  3.633 4
 2.859  3.054 4
 1.144  3.627 4
-0.233  4.433 4
 2.089  1.126 8
 2.120  1.981 4
 3.272  3.593 8
 1.641  1.980 4
 3.820  3.949 8
 8.245  2.563 4
 2.612  0.701 8
 3.928  3.774 8
 4.017  4.958 4
 1.420  1.883 8
 0.479  1.294 8
-0.032  0.503 8
 2.580  4.589 8
 2.997  4.102 4
 0.991  3.251 4
 2.609  3.247 4
 0.399  2.965 4
 2.346  4.538 4
 1.120  1.541 8
 2.657  1.745 4
 3.570  3.081 8
-2.756  6.274 4
 4.209  1.696 8
 3.370  4.517 4
 0.231  4.264 4
 2.983  2.112 8
 2.066  3.991 4
-2.928  4.396 4
 2.379  1.482 8
 1.109  7.136 4
 3.472  4.745 4
 0.036  0.603 8
 3.426  4.119 8
 0.410  3.750 8
-1.188  3.547 4
 0.101  1.811 8
 0.943  4.066 8
 2.225  3.775 8
 0.653  3.639 8
 0.683  0.594 4
 3.047  0.483 4
 1.619  2.567 4
 1.569  3.326 8
 1.331  0.269 4
 1.458  3.325 4
 2.075  2.370 8
 1.744  2.387 8
-0.891  4.357 8
 3.308 -0.886 4
 3.396  0.135 4
 0.644  1.637 8
 4.042  4.864 4
 4.923  2.496 8
 3.142  1.911 8
 4.592  0.713 4
 1.822  3.207 8
 3.562  2.599 4
 4.060  2.961 8
 2.559  4.052 4
 3.597  1.843 8
 3.491  4.986 4
 2.741  2.122 8
-1.481  4.393 4
 1.481  4.272 8
 2.735  0.272 4
 4.841  5.717 4
-0.427  1.652 8
 2.413  1.579 8
 1.418  2.375 8
 0.855  1.517 4
 2.383  5.042 8
 1.474  3.106 4
 4.042  3.486 8
 0.821  3.855 4
 1.786  4.537 8
 1.726  2.390 8
 2.769  2.812 8
 2.850  0.776 8
 2.149  3.364 8
 3.987  2.905 4
 2.400  4.850 8
 6.681  3.703 4
 1.826  3.986 8
 1.889 -0.748 4
 2.465  3.979 8
 3.378  3.903 8
 4.264  3.896 8
 2.269  4.364 8
 2.460  2.557 4
 1.758  2.086 8
 2.614  3.751 8
 2.414  4.773 8
 2.905  1.795 8
 0.592  3.814 4
 0.627  3.976 8
 2.523  4.655 4
 0.630  3.027 4
 0.892  1.747 8
 3.679  5.557 4
-2.297  1.721 4
 0.533  0.933 8
 2.864  5.266 4
 1.316  3.772 8
 2.164  4.597 4
 2.636  0.806 4
 2.394  2.656 8
 3.783  4.192 8
 1.117  1.590 4
 0.923  2.633 4
 2.816  0.878 8
 4.357  3.876 4
 1.243  2.098 4
 3.218  2.993 8
 1.153  0.260 8
 2.099  2.534 8
 1.053  2.004 8
 2.872  3.128 8
 2.533  4.802 8
-0.340  2.646 8
 0.982  1.284 8
 2.984 -0.357 4
 4.808  2.495 4
 1.729  2.748 4
 1.465  2.306 8
 4.364  6.600 4
 0.582  2.692 4
 5.896  4.379 4
 2.359  4.773 4
 2.079  4.560 8
-2.237  3.571 4
 3.208  2.600 4
 2.201  1.249 4
-0.005  0.858 4
-0.569  0.621 8
 1.269 -0.488 4
-1.093  2.272 8
 1.148  3.602 8
 0.502  4.834 4
 2.467  3.873 8
 2.561  5.143 8
 1.245  4.546 8
 2.210  1.607 4
 1.114  3.438 8
 3.882  2.274 4
 4.052  1.862 8
-0.767  4.470 4
 2.036  4.963 8
 2.455  0.770 4
 3.952  3.875 8
 1.731  2.594 4
-0.124  2.462 8
 4.922  4.147 4
 0.840  4.580 4
 1.883  1.916 4
 1.522  3.085 8
 0.847  4.112 8
 0.805  3.368 4
 3.566  0.716 4
 2.738  3.737 8
-0.415  3.506 4
 4.082  4.027 8
 1.026  1.707 8
 2.060  2.708 8
 1.491  1.933 8
 1.366  3.766 8
 0.422  1.959 8
 1.820  3.990 4
 0.457  0.107 8
 2.746  4.324 8
 2.149  1.185 4
 2.942  3.690 8
 2.470  3.423 8
 2.599  3.616 4
 2.593  4.104 8
 2.675  0.419 8
 0.813  2.098 8
 1.725  1.599 8
 1.007  4.160 8
 3.450  4.370 4
-0.052  2.558 4
 2.436  3.684 8
 1.775  1.859 8
 1.489  3.932 4
-0.474  5.146 8
 1.382  4.346 8
 2.498  1.802 8
 3.070  2.733 8
 3.735  4.215 4
 3.768  4.369 8
 2.104  1.502 8
-0.412  5.259 4
 1.875  3.923 8
 0.117  2.535 4
 1.405  2.961 8
 4.171  3.597 8
 3.423  1.706 8
 1.321  4.133 8
 2.523  4.295 8
 2.427  1.819 8
 1.341  5.114 4
 2.537  4.129 4
 1.197  2.064 8
 4.902  7.164 4
 1.408  3.236 4
 1.249  3.372 8
 1.506  4.041 8
 1.409  4.213 8
 4.137  4.085 4
 4.093  4.538 4
 3.033  4.472 8
 2.843  3.654 4
 1.653 -0.382 4
 4.115  2.850 4
 4.788  1.988 4
 6.764  2.282 4
 1.224  3.258 8
 1.840  6.419 8
 6.057  3.345 4
 2.788  2.024 8
 1.757  0.529 8
 0.473  3.044 4
 3.176  4.284 8
-0.306  1.115 8
 3.524  2.636 8
 2.273  2.967 8
-0.946  1.824 4
 1.210  1.030 8
 1.294 -0.477 4
 1.018  2.082 8
 0.685  5.447 4
 1.819  3.973 4
 3.465  0.872 4
 0.129  3.160 8
 2.099  1.596 4
 3.549  1.545 8
 2.083  3.425 8
 6.526  2.748 4
 1.006  2.223 8
 2.874  6.881 8
 0.963  4.043 8
 0.286  3.117 4
-0.798  0.374 4
-0.155  2.690 4
 0.006  3.068 4
 1.403  1.312 8
 1.187  5.857 4
 4.614  3.185 4
-0.040  1.078 8
-0.023 -0.181 4
-0.546  2.334 4
 2.219  5.047 4
 2.079  2.757 8
 0.841  2.564 8
 2.360  5.055 4
 2.001  6.368 4
 3.374  0.590 4
 4.354  3.821 8
 0.575  2.090 4
 0.346  0.675 8
 2.559  1.808 8
 1.828  1.864 8
-1.427  1.734 4
 2.414  6.325 8
 3.368  2.110 4
 2.321  4.480 4
 2.949  4.514 8
 1.053  3.331 8
 1.190  3.394 4
 1.968  3.233 8
 0.295  3.234 8
 3.048  4.264 4
 1.501  3.514 8
 0.249  3.323 8
 1.397  1.709 8
 1.470  3.926 8
 1.522  3.990 8
 1.756  1.937 8
 1.714  3.874 8
 3.556  2.795 8
 5.975  1.827 4
 2.363  3.633 8
 0.509  2.873 8
 1.682  6.002 4
 0.771  3.528 4
 2.380  2.462 4
 1.861  2.262 8
 3.460  3.144 8
 2.515  3.859 8
 2.968  5.174 4
 2.832 -2.270 4
 2.698  0.716 8
 4.754 -0.093 4
 0.647  3.140 8
 1.530  2.344 8
 2.454  4.172 4
 0.157  2.044 8
 1.796  5.151 8
 1.368  4.487 4
 2.739  1.346 8
 2.788  0.772 4
 3.670  2.657 4
 5.147  3.315 8
 3.014  4.313 8
 1.609  2.284 8
 3.052  9.098 4
 2.914  3.909 4
 0.764  6.128 4
-0.451  3.453 8
 4.013  3.697 8
-0.030  3.871 4
 3.543  2.613 4
-0.098  2.608 8
 1.196  2.824 4
 3.073  4.799 4
 1.092  2.549 8
-1.772  0.629 4
 0.686  3.921 8
-0.043  4.491 4
 2.810  4.093 8
 6.608  1.136 4
 1.484  4.019 8
 2.242  3.788 4
 0.677  2.163 4
 2.805  4.679 8
 3.422  2.586 4
 2.904  3.094 4
 2.146  2.767 8
 1.124  4.330 4
 2.745  5.377 8
 2.828  0.217 8
 0.025  1.091 8
 4.916  2.013 4
 2.981  1.936 8
 1.894  4.868 8
 2.042  2.821 4
 0.303  3.878 8
 4.218  3.541 4
 2.456  5.368 4
 0.455  0.887 4
 3.979  2.338 4
 4.072  0.604 4
 2.542  1.157 4
 5.584  5.221 4
 4.755  0.164 4
 3.391  2.222 4
 4.310  1.940 4
 2.826  1.046 8
 1.372  2.968 8
 1.647  0.032 4
 1.915  1.795 8
 0.929  1.388 8
 2.447  3.642 4
 0.525  2.675 8
 1.708  4.226 8
 5.947  3.360 4
 3.043  3.435 4
 0.935  3.292 8
 2.048  5.754 4
 1.259  1.315 8
-0.154  2.993 8
 4.721  1.510 4
 2.142  3.502 8
 1.011  2.683 8
 1.720  4.326 8
 3.438  2.622 8
 1.721  1.784 4
 1.598  1.723 8
 3.122  3.130 8
 1.389  1.378 8
 0.294  2.600 8
 2.447  3.309 8
 2.377 -0.461 4
 4.952  3.073 4
 2.486  4.443 8
 1.014  2.638 8
 1.478  4.017 8
 2.499  3.561 4
 1.128  1.943 8
 3.909  3.108 4
 2.187  1.835 4
 0.753  4.987 4
 0.691  3.934 4
 2.210  5.556 4
 2.672  3.146 4
 0.119  2.719 8
 0.589  2.272 4
 1.405  1.760 4
 2.750  2.199 4
-0.225  1.781 8
 4.019  3.435 8
 2.956  3.929 8
-0.041  3.973 4
 0.728  2.165 8
 0.938  3.672 4
 5.014  3.664 8
 3.180  1.893 8
 3.788  4.170 8
 3.747  1.106 4
 4.296  4.391 8
 4.814  4.036 8
 0.947  3.779 4
 2.183  2.589 8
 3.850  1.358 4
 1.390  3.963 4
-0.364  2.413 8
 3.654  3.784 8
 1.675  5.252 8
 0.215  4.378 4
 0.926  2.561 8
 2.173  4.664 4
-0.717  3.416 4
 1.805 -0.553 4
 1.081  5.151 4
 2.076  3.382 8
 1.081  2.704 8
 2.048  4.982 4
 1.365  4.168 8
 3.133  1.818 4
 0.765  4.411 8
 4.949  6.275 8
 2.613  1.145 4
 1.724  3.564 4
 1.825  0.006 4
 4.168  0.370 4
 3.098  2.858 4
 3.163  2.284 8
 0.767  1.493 8
 5.671  1.781 4
 4.498  5.860 4
 3.043  4.150 8
 0.653  1.418 4
 7.126  2.288 4
 2.420  2.533 4
 1.453  0.033 4
 3.772  3.008 4
 3.584  3.161 8
 0.552  3.405 4
 3.861 -0.316 4
 4.880  2.049 4
 2.750  5.671 4
 2.257  4.330 8
 2.019  4.805 8
-0.954  5.892 4
 5.487  2.043 8
 3.382 -0.555 4
 5.195  3.560 4
 1.617  2.329 8
 3.981  2.050 4
 0.049  5.721 4
 2.203  3.699 8
 3.188  2.678 4
 2.598  2.763 8
 0.865  3.100 8
 2.501  3.848 8
-0.185  4.433 4
 1.343  3.236 8
-2.052  3.007 4
 2.342  1.820 4
 5.459  1.855 4
 6.746  3.366 4
 0.430  1.786 4
 5.130  2.981 8
 2.983  3.774 8
 0.755  0.968 4
-1.116  3.289 4
 2.641  3.615 8
 2.929  5.958 4
 3.507  3.964 8
 1.977  3.672 8
-0.401  4.734 4
 5.936  4.172 4
 2.108  2.274 8
 3.323  3.412 4
-0.485  2.531 8
 1.872  2.979 4
 1.803  4.950 4
 3.114  3.920 4
 1.638  1.427 8
 1.281  3.980 4
 0.893  4.180 8
 1.917  1.628 4
 2.456  3.424 4
 0.942  1.100 4
 4.645  3.489 4
 2.635  3.222 4
 1.715  3.836 8
 0.114  5.647 4
 1.370  2.106 8
 4.014  5.547 8
 1.647  2.831 8
 4.373  4.030 8
 4.202  0.049 4
 4.291  6.776 4
 2.128  3.886 4
 4.309  4.461 8
-0.341  4.589 4
 1.398  1.703 4
 0.762  4.638 4
 4.706  4.627 4
 4.712  3.901 8
 0.180  1.343 8
 0.091  2.132 8
 2.566  3.789 8
 2.010 -0.056 4
 2.726  3.274 8
 1.522  4.296 4
 2.095  1.889 4
 0.551  5.318 4
 1.781  3.384 8
 0.058  3.274 8
 1.949  2.885 8
 0.131  2.284 8
 0.592  0.277 4
-1.675  3.047 8
 3.573  3.212 8
 1.673  2.840 4
 2.941  2.103 4
 0.899  4.875 4
 3.831  1.189 8
-0.017  1.112 8
 1.575  1.612 8
 4.814  6.621 4
-1.572  5.634 4
 1.086  3.953 4
-0.956  0.701 8
 1.687  3.279 8
-0.186  0.620 4
 3.143  3.910 8
 1.242  1.494 8
 1.057  2.148 4
 2.562  1.452 4
 1.973  1.233 4
 1.509  3.476 8
-3.454  5.391 4
 1.367  4.858 8
 0.738  4.565 8
 2.751  1.667 4
 2.597  4.160 8
 3.331  5.403 8
 1.261  1.497 4
 3.944  4.024 8
 1.133  1.382 4
-0.870  3.824 4
 0.753  2.197 8
 0.943  2.739 8
 3.582  1.467 4
 0.613  2.734 8
-0.361  0.816 8
 0.451  1.641 4
 1.632  2.795 8
-0.341  4.000 4
 2.745  4.603 4
-0.744  2.453 4
 1.115  3.307 8
 2.620  2.051 8
 2.597  3.305 4
 0.273  2.212 4
 4.372  1.675 4
 4.427  4.246 4
 2.861  2.451 8
 2.068  2.286 8
-2.074  4.262 4
 3.389  4.756 8
 0.875  0.050 8
 1.553  1.582 4
-1.493  4.972 4
-3.681  2.223 4
-0.264  1.394 4
 4.619  4.875 4
 8.243  1.701 4
 1.787  3.872 8
 0.608  3.415 8
 2.527  3.910 8
 3.083  3.842 4
 2.989  2.137 8
-0.573  4.659 4
 2.187  2.672 8
 2.109  4.525 8
 6.960  2.709 4
 2.701  1.060 8
 4.119  1.568 8
 2.066  4.107 4
 0.322  3.651 8
 1.015  6.942 4
 3.101  3.053 8
 3.011  2.514 4
 2.515  3.905 4
 1.525  0.862 4
 1.752  3.753 8
-2.146  0.646 4
-0.887  2.115 4
 2.519  2.413 4
 4.402  3.322 8
 0.789  3.678 8
 3.668  4.931 8
-1.574  4.112 4
 1.682  2.826 8
 0.088 -0.689 4
 1.576  1.110 8
 2.984  3.186 8
 3.273  2.022 4
-2.592  2.169 4
 3.208  0.306 4
 3.617  2.223 8
 1.573  3.485 4
 2.668  4.259 8
 0.063  6.480 4
 2.555  3.789 8
 1.320  3.183 8
 4.684  5.725 8
 0.989  1.637 4
 2.182  2.622 8
 1.978  1.757 8
 5.372  1.533 4
 3.398  1.966 8
 0.195  1.434 8
 1.726  1.321 4
 3.143  1.856 4
 1.465  2.906 8
 1.926 -1.206 4
 1.894  3.128 4
 2.199  3.685 4
 2.580  2.965 8
 2.349  2.110 8
 0.423  0.760 4
 3.908  3.449 8
 2.918  2.924 8
 2.091  3.419 8
 3.203 -0.278 4
 1.552  2.759 8
 4.859  2.660 4
 2.533  1.702 8
 3.775  6.146 4
 2.730  4.153 4
 0.922  1.461 4
 3.078  2.317 4
 1.603  2.274 4
-0.370  3.632 4
 1.407  3.203 8
 3.710  4.530 8
 1.130  1.276 8
 3.118  2.264 4
 0.778  0.446 8
-0.202  2.103 4
 1.391  1.698 4
-0.312  1.336 4
 4.128  3.093 4
 1.095  2.856 8
 3.061  2.344 8
 0.681  3.048 8
 4.360  5.794 8
 0.788  2.296 8
-2.285  1.219 4
 4.496  4.821 4
 3.240  2.381 8
 1.325  4.190 4
 4.729  2.428 4
-0.181  2.220 8
 3.775  4.732 4
 1.163  1.696 4
 4.650  4.116 8
 1.778  4.846 8
 0.667  4.950 4
 3.022  3.822 4
 3.044  2.968 4
 3.329  4.186 8
 2.263  3.031 8
 5.761  4.517 4
 3.001  2.277 8
 0.089  7.114 4
-0.686  1.008 4
 5.152  3.276 8
 2.051  2.422 8
 1.912  2.353 4
 1.939  3.908 4
 2.648  2.324 8
 1.963  2.212 8
-0.190  3.442 8
 1.873  3.166 8
 0.973  4.575 4
 1.869  4.476 4
 1.068  4.732 8
 2.717  5.589 8
 1.511 -0.083 4
 1.079  3.312 8
-0.078  2.192 8
 0.546  2.215 4
 0.117  3.641 4
 3.098  2.061 4
-0.585  2.945 8
 2.580  4.139 4
 2.641  2.848 8
 2.231  0.700 8
 3.313  2.466 4
 2.918  5.136 8
 1.110  3.654 4
 0.682  0.983 8
 2.386  4.346 8
 2.441  2.833 4
 3.628  5.925 8
 5.701  0.257 4
 1.590  5.484 8
 2.413  2.427 8
 2.780  2.697 8
 2.215  6.193 4
 0.770  4.641 4
-0.573  5.431 4
 0.846  2.647 8
 1.165  3.552 4
 4.274  4.789 4
 2.396  5.035 8
 1.328  2.064 8
 0.067 -0.403 4
 3.001  0.701 4
-0.073  4.750 4
-0.219  2.618 4
 0.056  1.247 8
 3.858  2.287 8
 2.812  0.255 4
 0.744  1.951 8
 2.259  4.548 8
 3.060  2.541 4
 4.021  3.373 4
 1.022  3.102 8
 4.680  3.363 4
 3.437  3.665 8
 2.119  3.377 4
 2.229  2.173 8
 0.821  1.487 4
 2.903  2.649 8
 0.289  3.119 8
 1.059  3.661 8
 2.211  5.550 4
 3.150  4.115 8
 3.812  4.248 8
 1.057  1.250 4
 2.358  3.494 8
 2.016  4.098 8
 1.042  1.946 4
 1.352  4.281 4
 0.071  2.894 8
 1.942  4.600 4
 0.586  0.770 8
-1.464  1.824 8
-0.190  0.343 8
 0.666  1.453 4
 2.862  4.325 4
-1.407  4.466 4
 2.958  4.333 8
-0.713  5.150 4
 2.865  3.363 4
 1.803  0.668 8
 0.832  3.289 4
 2.777  5.306 8
 2.758  3.981 8
 1.408  0.985 8
 0.129  1.250 8
 3.324  2.610 8
 0.722  0.509 4
 2.741  5.784 4
-0.667 -0.064 4
 0.816  3.056 8
 4.857  5.796 4
 2.087  3.451 4
-0.027  0.164 8
 1.279  3.270 8
 2.401  4.025 4
 3.349  5.549 8
 0.767  3.678 8
 2.439  4.026 4
-1.727  5.930 4
 1.296  3.991 4
-2.947  5.148 4
 2.480  3.137 4
-0.336  6.884 4
 3.263  3.716 4
 3.002  3.614 8
 1.043  2.684 4
 1.308  1.164 4
 0.155  3.144 8
 3.651  5.452 8
 4.296  3.270 8
-2.292  5.617 4
 1.334  6.167 4
 0.831  6.366 8
 2.655  4.740 8
 2.505  1.700 8
 1.908  1.500 8
-0.132  2.500 4
 4.913  1.785 4
 0.274  2.815 8
 2.855  2.152 8
 0.059  4.564 4
 4.243  2.938 4
-0.259  1.265 8
 0.735  3.118 4
 1.021  1.575 8
 2.182  2.457 8
 2.986  4.461 8
-1.098  3.166 8
 4.535  5.750 8
 4.503  3.255 8
 2.164  0.928 4
 1.343  1.781 8
 3.567  4.070 4
10.181  3.262 4
 2.633  1.246 4
 2.433  2.648 8
 2.118  3.181 4
-0.212 -3.223 4
 1.934  2.002 4
 1.987  2.754 8
 4.163  2.113 8
 0.938  3.882 8
 1.094  2.136 8
 0.672  1.379 4
 0.555  3.468 8
 1.106  2.265 8
 1.505  6.392 4
 2.698  4.283 8
 2.260  3.238 8
 5.285  2.889 8
 2.264  2.897 8
 1.760  0.713 4
 2.156  1.317 4
 1.748  2.240 4
 1.674  3.611 8
 5.659  3.126 4
 3.273  3.928 8
 1.767  5.886 4
 2.839  3.765 8
 2.519  3.203 4
 2.282  2.969 8
 6.266  4.175 4
 2.196 -0.693 4
-1.639  0.138 4
 0.243  1.318 4
 0.598  2.473 4
 1.038  4.369 4
 3.051  5.694 8
 2.425  4.610 8
 3.687  1.059 4
 1.120  1.938 4
 3.060  3.735 8
 2.418  4.105 8
-3.023  5.808 4
 1.180  4.979 4
 0.915  3.670 8
 1.637  4.035 8
 3.181  4.607 8
 1.267  2.105 8
-0.778  1.119 4
 1.113  2.547 8
 3.398  6.975 4
 2.838  1.789 4
 1.922  1.276 8
 0.114  3.189 8
-1.617  2.549 4
 1.525  1.497 4
 1.093  1.648 8
 4.404  4.214 4
 3.108  3.630 8
 2.032  4.914 8
 2.493  4.252 8
 3.287  4.638 8
 2.010  3.227 8
 3.002  2.486 4
 2.745  5.825 8
 2.487  3.965 4
 0.373  2.752 8
 2.146  0.259 4
 5.721  2.964 8
 0.533  2.513 8
 1.511  3.387 4
 0.445  7.029 4
 4.927  5.464 4
-3.020  1.104 4
 1.859  4.154 8
 3.449  4.125 8
 1.272  3.508 8
 4.100 -0.592 4
 2.187  2.283 8
-2.012  6.050 4
 1.765  1.804 8
 3.736  1.852 8
 1.316  3.096 8
 3.459  3.410 8
 1.698  4.325 8
 3.761  4.962 4
-1.245  6.629 4
 2.719  5.487 8
 0.456 -0.632 4
 1.559  3.584 8
 3.224  5.117 4
 2.636  3.075 4
-0.033  1.719 4
 1.382  2.865 8
 0.684  5.897 8
 0.898  2.123 4
 1.962  4.320 8
 2.891  3.606 8
 2.332  1.989 8
 0.888  4.691 4
 3.702  3.926 4
 1.798  3.295 8
 2.541  1.367 4
 2.903  3.210 4
 3.477  3.595 4
-0.983  0.798 4
 4.025  2.537 4
 0.492  4.176 4
-0.890  5.827 4
 3.139 -1.038 4
 2.127 -1.561 4
 1.338  2.324 8
 0.716  1.614 8
 2.653  2.376 4
 1.146  0.422 4
 1.349  1.648 8
 2.750  2.217 8
-0.096  2.657 8
 2.283  3.174 4
 3.016  1.516 4
 4.606  2.761 8
-0.045  4.535 4
 0.030  4.897 4
 0.080  4.113 4
 2.680  2.635 4
 3.553  5.317 4
 1.898  4.413 4
 2.742  3.145 8
 3.647  3.059 4
 3.200  3.625 8
 1.549  4.216 4
 0.491  3.054 8
 1.360  2.544 8
 0.489  4.380 4
 2.011  2.107 4
 4.254  5.994 4
 1.431  3.113 8
 2.605  4.954 4
 2.611 -0.210 4
 1.538  5.166 8
 1.933  2.707 8
 2.302  1.855 8
 3.388  1.987 8
 3.875  7.157 8
-2.774  0.647 4
 2.006  2.044 8
 2.925  3.076 8
 2.641  3.141 4
 2.696  4.355 8
 5.683  2.391 8
 0.813  3.269 8
 3.883  2.399 4
 2.390  2.326 4
-2.100  3.793 4
 2.656  3.267 8
 1.333  3.956 4
 0.681 -0.091 8
 3.111  5.051 8
 1.656  1.637 8
 2.275  1.910 8
 3.523  2.750 8
 2.365  2.754 8
 4.191  6.763 4
 1.580  2.942 8
 0.275  0.977 4
 3.010  3.953 4
 5.617  2.784 4
 0.614  2.961 4
 2.857 -0.395 4
 3.789  6.365 4
 1.893  2.858 8
 3.171  1.475 8
 3.614  1.875 4
 3.023  3.013 8
-0.982  4.369 4
 0.095  2.719 8
-0.197  2.440 4
 0.541  6.032 4
 3.444  2.910 4
 1.961  2.460 4
 0.654 -0.993 4
 2.454  4.743 4
 2.711  2.901 8
 1.730  2.921 8
 3.383  2.484 8
 2.688  0.985 8
 0.445  3.763 8
-1.243  2.027 8
 2.092  2.508 8
 0.421  2.992 8
 2.257  0.440 4
 3.415 -0.284 4
 0.183  3.738 8
 2.593  3.541 8
-1.688  0.188 4
 2.009  1.220 8
-2.544  3.235 4
 3.246  0.978 4
 1.501  1.071 8
 3.505  3.681 4
 1.705 -1.890 4
 2.678  3.165 4
 3.840  4.298 4
 1.171  2.299 8
 2.313  2.465 8
-0.626  4.451 4
 2.791  2.083 8
 0.966  1.756 8
 2.341  0.469 8
 0.555  2.201 8
 2.346  6.200 4
 1.529  2.101 4
 3.149  5.191 8
 3.703  4.407 4
 2.037  4.341 8
 2.326  2.869 8
 2.084  5.132 4
 0.471  2.818 4
 0.006  3.379 4
 2.648  0.783 8
 1.894  2.615 8
 1.354  4.255 8
 2.053  2.154 8
 2.847 -2.261 4
 2.162  3.981 8
 3.245  3.911 8
 1.118  2.968 8
 8.818  4.585 4
 1.862  4.649 8
 3.410 -2.292 4
 2.116  4.719 8
-1.570  0.969 4
 2.180  4.521 8
 1.307 -0.320 4
-1.094  4.449 4
 2.790  3.744 8
 0.033  5.087 4
 0.629  3.014 8
 4.191  1.655 4
 3.410  2.755 4
 3.655  3.465 4
 2.184  2.382 8
 1.256  3.375 4
 4.142  1.322 8
 0.255  5.113 4
 1.202  3.879 8
 1.561  3.406 8
 0.166  1.645 4
-0.503  2.005 8
 1.036  2.810 8
 1.357  2.905 8
 1.759  3.695 8
 2.419  3.312 8
 3.020  3.790 8
-0.510  0.788 8
 0.779  4.639 4
 2.818  1.747 8
 2.936  4.519 4
 0.667  2.370 4
 1.689  2.646 8
 4.231  2.296 8
 1.387  1.824 8
 1.354  4.020 4
 1.879  4.257 8
 2.993  3.961 8
 1.931  3.199 8
-0.313  5.056 4
 0.752  3.873 8
 1.236  3.801 4
 0.842  3.603 4
 0.981  2.657 8
-2.344  0.477 4
 3.300  4.492 8
 1.758  2.765 4
 0.895  0.782 8
 1.609  2.634 8
-2.013 -0.696 4
-0.253  5.006 4
 2.637  3.386 4
 0.606  4.415 4
 2.184  4.990 4
 0.683  0.749 4
-1.456  5.800 4
 1.136  3.104 4
 1.741  4.943 4
 2.277  3.304 4
-1.428  2.288 4
 0.343  0.610 8
 0.318  5.067 4
 3.305  6.144 8
 3.699  3.370 8
 2.076  1.420 8
 0.922  2.178 4
 0.006  3.401 8
 2.533  3.853 8
 0.364  3.801 8
 2.864  2.617 4
 3.763  5.162 8
-0.391  2.107 4
 4.130  2.808 4
 1.937  3.855 4
 4.224  3.420 8
 3.642  3.387 8
 0.087  3.897 8
 1.713  3.162 4
 0.520  1.928 8
 1.754  2.360 8
 3.374 -0.879 4
 0.785  3.828 4
-1.022  1.222 8
 0.535  3.761 8
 0.213  2.805 4
 1.334  2.445 8
 2.437  2.705 8
 1.970  4.247 4
 3.420  5.601 4
 1.372  3.943 8
 4.692  2.988 4
 1.835  2.085 4
 0.890  0.696 8
 1.543  0.811 8
 1.946  1.695 8
 0.219  3.979 8
 1.403  1.487 4
 2.206  3.100 8
 3.790  4.231 4
 2.759  3.461 8
-1.623 -0.197 4
 1.109  2.300 4
 2.201  5.307 8
-0.333  4.421 4
-0.345  4.738 4
 3.479  1.236 4
 2.358  3.928 8
 2.129  3.613 8
 2.176  4.963 4
 2.114  3.794 4
-0.777  1.777 8
 1.567  1.664 8
-0.659  0.701 4
 2.412  3.836 8
 2.012  5.229 4
 0.670  2.735 4
 4.114  3.138 8
-0.100  1.663 8
 3.757  3.598 8
 1.968  2.180 8
 0.566  6.123 4
 1.349  1.939 4
 3.374  3.219 8
 1.738  0.357 4
 4.282  3.039 4
 5.126  2.148 4
 3.397  3.672 8
 2.454  1.502 4
 2.283  1.326 4
-1.619  1.286 4
 1.659  3.534 4
-0.654  2.538 8
 4.937  5.174 8
 2.694  2.490 4
 5.406  1.375 4
 3.433  1.694 4
 2.187  2.081 8
 2.708  2.407 4
 1.255  3.819 8
 4.113  5.908 8
 3.903  2.655 4
-1.283  0.651 4
-1.424  1.835 4
 2.827  4.115 8
-4.057  2.444 4
 1.918  4.619 8
 2.542  1.578 4
 2.995  1.680 8
 4.316 -0.922 4
-1.441  2.220 4
 0.064  1.476 4
 2.652  4.283 8
 3.473  1.715 8
-1.658  7.511 4
 3.482 -0.519 4
 5.343  3.209 4
 1.460  4.033 4
 0.958  1.530 8
 2.328  4.318 8
 1.405  4.821 4
 2.213  4.113 4
 2.448  2.264 4
 1.943  4.417 8
 3.596  0.139 4
 1.868  1.927 8
 3.852  3.798 8
 4.343  4.080 8
 3.414  3.156 4
 2.231  3.638 8
 0.348  3.357 4
 2.376  3.804 8
 1.441  1.542 4
 1.682  3.400 4
-0.182  5.102 4
 1.206  3.137 8
-1.385  3.836 4
-2.182  3.964 4
 1.574  3.127 4
 4.279  1.718 8
 1.777  4.479 8
 3.181  2.737 8
 1.018  1.852 4
 1.791  2.481 8
 0.585  0.927 4
 1.575  1.816 8
 3.602  2.248 4
 6.927  1.796 4
 1.939  3.385 8
 4.314  5.340 4
 3.064  0.936 4
 4.288  3.457 8
 2.857  3.806 4
 3.517  3.526 8
 1.761  4.358 4
 1.829  3.007 8
 2.243  0.704 4
-0.665  2.122 4
 2.680  4.301 8
 2.015  3.816 4
 2.351  6.151 4
 0.973  2.034 4
 0.326  4.681 4
 5.109 -0.509 4
 2.744  3.249 4
 0.647  1.319 8
 2.288  2.307 4
 1.932  1.545 4
 0.283  1.163 4
-2.634  1.854 4
-1.008  2.163 4
 1.396  2.961 8
 2.224  2.281 8
 4.073 -0.441 4
 0.111  5.660 4
 4.105  2.658 4
-0.220  4.027 4
 2.694  0.928 4
 0.603  3.338 8
 1.918  6.789 4
 3.522  0.914 4
 1.797  3.287 8
 3.812  3.132 4
 2.245  4.823 8
-0.259  2.481 8
 1.984  1.552 8
 1.586  1.620 8
 2.272  0.461 4
 2.962  4.093 4
 4.048  5.508 4
 0.980  4.036 4
 1.478  5.729 4
 1.295  3.359 4
 0.374  1.982 8
 1.861  2.035 8
 3.060  3.230 8
 1.436  3.910 8
 1.468  3.400 8
 2.172  2.457 8
 3.252  5.917 4
 2.236  2.300 8
 2.289  3.415 8
 4.753  0.266 4
 1.688  1.597 4
 1.839  4.354 8
 3.811  6.347 4
 0.136  2.802 8
 0.516  6.768 4
 2.602  2.798 4
-0.841  0.625 4
 4.429  3.187 8
 2.098  3.419 8
 1.000  3.144 8
 0.379  0.661 8
 2.394  5.142 4
 2.571  4.106 8
 2.694  3.714 8
 2.412  0.903 4
 0.606  5.677 4
 2.078  4.785 4
 0.512  1.748 8
 3.907  3.608 4
 2.757  1.599 8
 4.917  2.575 4
 2.673  4.702 8
-0.563  1.564 8
 2.106  5.696 4
 1.175  0.127 4
 1.177  3.245 4
 1.318  0.677 8
 1.344  3.797 8
 2.177  4.527 8
-0.032  4.732 4
 3.426  2.655 8
 3.339  3.090 8
 1.979  1.038 8
 2.266  4.128 4
 0.493  5.978 4
 0.584  1.903 4
 0.619 -0.610 4
-0.791  4.089 4
 2.056  4.901 8
 5.208  2.846 4
 1.624  3.961 8
 2.612  2.493 8
 2.601  0.067 8
 3.866  3.703 8
-1.536  0.223 4
 1.232  1.507 4
 2.845  5.761 8
 3.876  5.540 4
 2.893  2.376 4
 0.048  4.125 4
 0.870  2.211 8
 2.946  4.212 8
 1.135  1.483 8
 4.084  4.782 4
 2.821  3.667 8
 3.162  3.287 8
 2.108  2.741 8
 1.677  2.246 8
 3.233  4.545 4
 3.757  3.082 4
 0.934  3.488 4
 1.772  3.310 8
 0.944  2.102 8
 4.448  5.001 8
 1.555  2.694 8
 1.567  2.492 8
 3.083  0.677 8
 0.661  2.018 8
 0.845  2.027 4
 2.890  2.689 8
 4.084  3.220 8
-0.328  2.840 4
 3.344  3.311 8
 3.107  2.371 8
 2.695  5.012 8
 1.816  2.947 8
 2.338  3.570 8
 3.628  3.021 4
 1.838  2.067 8
 2.920  1.681 4
 2.031  2.102 4
 2.141  2.578 8
 0.481  2.164 8
-0.478  6.970 4
-0.453  4.266 4
 3.321  4.552 4
 1.547  5.903 8
 3.778  4.786 4
 3.319  5.245 8
 4.874  2.300 4
 2.808  3.870 8
 1.429  2.755 4
 1.817  2.793 8
 2.868  4.565 8
 4.893  3.625 4
 2.153  7.477 4
 4.619  4.579 4
 1.898  1.251 8
 2.000  2.900 8
 0.516  3.956 4
 1.322  4.459 4
 4.282  3.328 4
 5.205  0.056 4
 4.937  4.713 8
-2.632  3.788 4
 2.163  5.498 8
 5.928  2.776 4
 2.466  3.258 8
 1.081  2.350 8
 3.722  5.406 4
 2.546  3.374 8
 1.502  4.382 8
 3.433  3.451 4
 1.570  1.649 8
 2.706  4.761 4
 4.691  3.439 4
 3.442  4.200 8
 3.262  3.173 4
 1.609  2.329 8
 0.642  3.521 8
 1.584  5.215 4
 3.892  4.525 8
 2.127  4.687 4
 3.865  4.003 8
 2.028  3.713 8
 3.384  5.386 8
 1.140  3.834 8
 3.451 -1.271 4
 1.916  3.255 8
 2.437  2.696 8
 0.218  1.764 8
 1.980  1.693 8
 1.053  2.574 8
 5.744  1.768 4
 4.105  3.459 4
-1.092  1.927 4
 1.779  0.690 8
 2.505  0.031 4
 1.395  1.151 8
 1.798  3.320 4
 2.858  3.601 8
 2.240  1.569 8
 0.447  2.271 8
-1.119  4.301 4
 1.781  2.925 8
 3.312  3.879 4
 1.932  1.154 4
 0.089  3.036 8
 1.410  4.637 4
 0.023 -0.426 4
 2.388  1.649 8
 1.774  1.000 8
-1.992  6.750 4
 4.389  3.755 4
 2.524  3.616 4
 2.248  3.823 4
 1.507  4.232 8
 0.107  2.557 4
 3.922  4.275 4
 1.337  3.894 8
 0.959  7.593 4
 1.903  4.217 4
 0.188  2.263 4
 5.051  4.243 8
 4.419  3.534 4
 2.623 -0.690 4
 1.506  2.457 8
 0.465  3.510 8
 4.330  2.280 4
 9.161  0.345 4
 1.726  0.293 8
 0.748  1.088 8
 3.517  3.107 8
 0.219  2.021 8
-0.079  2.734 8
 1.532  3.216 4
 0.454  4.954 4
 3.707  4.744 8
 1.592  1.707 4
 1.592  4.101 8
 2.679  3.163 8
 2.341  4.185 4
 0.793  3.609 8
 0.123  1.367 4
 3.811  4.360 4
 0.629  6.661 4
 2.661  0.615 4
-1.772  1.837 4
 2.048  2.744 4
-1.246 -0.457 4
 4.093  4.450 4
 1.563  3.904 8
 0.766  1.341 8
 0.279  2.521 4
 2.621  0.151 4
 3.671 -0.484 4
 4.214  2.763 8
 1.434  2.216 4
 4.252  4.769 4
 0.565  1.440 8
 1.405  7.191 4
 2.505  1.615 8
 3.836  3.905 4
 0.685 -2.782 4
 3.138  3.306 8
 0.829  2.557 8
 2.615  4.060 8
 2.323  3.153 8
 1.876  4.335 8
 4.689  3.756 8
 1.620  3.940 4
 0.471  2.276 8
 4.736  2.517 8
 3.009  4.342 8
 4.157  1.047 4
 1.104  0.872 8
 2.877  3.351 8
-0.190  6.585 4
 1.860  1.006 8
 1.944  1.610 4
 1.969  3.543 4
 2.063  2.783 4
 4.945  3.774 4
 8.458  4.908 4
-0.724  3.959 8
 2.209  3.216 8
 1.064  0.106 4
 0.923  4.902 8
 1.457 -1.318 4
 1.956  3.411 8
 5.249  2.667 4
 1.358  5.027 4
 1.462  3.093 8
 3.010  1.237 4
 2.613  3.035 8
 3.311  4.544 8
-0.965 -0.901 4
 4.318  0.923 4
 4.233  2.729 4
 0.729  3.528 4
 2.557 -1.541 4
 2.288  3.017 8
 1.758  5.061 4
 3.591  4.170 8
 4.580  3.255 4
 1.795  2.228 8
 1.115 -0.820 8
 2.407  2.694 4
 2.391  1.093 4
 1.427  3.044 8
 1.730  2.590 8
 0.028  0.826 8
 1.685  2.637 8
 2.914  4.786 4
 0.776  4.742 8
 2.148  2.064 8
 2.023  1.979 4
 0.464  2.481 4
 1.405  4.201 8
 3.112  5.542 4
 1.183  1.859 8
 2.469  4.077 4
 1.190  4.136 4
 0.310  2.107 8
 1.142  2.219 8
 3.160  3.635 8
 1.609  5.186 8
 4.806  1.217 4
 0.393  3.037 4
 2.605  4.957 8
 2.987  5.176 4
 2.415  4.922 4
 3.538  4.503 8
 1.652  2.327 4
 3.241  3.088 4
 1.898  4.346 8
 2.398  3.738 4
 1.129  4.048 4
 1.740  2.764 4
 2.552  3.904 4
 3.982  6.008 4
 2.282  6.165 4
 1.599  4.320 4
 2.444  5.096 8
 2.828  2.724 8
 2.193  4.158 8
 3.429  3.630 4
-1.715  4.014 4
 0.946  1.922 8
 5.325  1.332 8
 0.783  1.997 4
 3.443  2.731 8
-0.970  2.641 4
-0.035  5.818 4
 2.266  5.194 4
 5.201  1.663 4
 1.947  6.796 4
 2.769  0.129 4
 3.826  4.707 8
 0.373  1.864 8
 0.481  4.755 4
 2.141  2.799 4
-0.983  1.440 4
 5.854  6.452 4
 3.597  1.097 8
 1.454  1.340 4
 1.468  1.958 8
 2.169  2.759 4
 4.232  3.817 4
 1.996  3.451 8
 1.820  1.660 8
 2.053  4.475 4
-0.536  0.687 4
-3.564  4.698 4
 3.198  4.191 8
 1.006  1.539 8
 1.943  3.337 8
 2.439  4.433 8
 1.623  2.347 4
-1.027  1.873 8
 3.577  3.455 4
 1.777  1.169 4
 2.035  0.818 8
 2.900  3.615 8
 1.682 -0.764 4
 2.073  3.790 4
 2.193  1.550 4
 0.859  2.839 8
 2.028  1.873 4
 4.305  5.690 4
 5.069  1.685 4
-0.482  1.083 4
 2.805  2.251 4
 0.287  0.983 4
 4.649  4.233 4
-3.072  5.404 4
-0.288  1.985 8
 4.685  5.406 4
 4.189  2.228 4
 2.606  3.287 4
 2.347  4.513 4
 0.892  2.330 8
 3.275  2.444 8
 2.642  3.530 8
 2.386  3.529 8
 1.315  0.068 4
 3.242  6.168 4
 3.165  2.556 8
 3.430  3.388 8
 3.272  5.734 4
 4.448  3.764 4
 3.223  3.367 8
 1.910  2.482 8
 2.342  6.319 4
 3.335  3.331 4
 1.051  5.571 4
 0.412  1.985 8
 0.004  2.080 4
 2.851  3.318 8
 2.728  4.156 4
 3.578  3.748 8
 2.407  2.472 8
 0.821  1.242 8
 4.279  2.001 4
 2.886  2.817 4
 0.514  2.937 4
 3.490  2.156 8
 1.091  4.253 4
 3.317  4.104 8
 3.528  5.442 4
 0.899  5.235 8
 2.586  3.399 4
-0.746  7.958 4
 0.923  2.854 8
 3.935  3.960 8
 1.987 -0.171 4
 1.736  1.867 8
-0.176  2.395 8
 1.919  0.701 4
 2.036  4.404 4
-0.248  2.659 4
 2.198  2.455 4
 3.610  2.991 4
 0.771  2.956 8
 1.781  3.286 8
 0.934  3.256 8
 2.910  5.974 8
 0.778  6.251 4
 4.763  6.224 4
 2.037  2.432 8
 0.468  2.466 8
 1.224  5.786 4
 1.176  2.732 8
 0.955  1.751 8
 1.637  2.605 8
 3.073  4.054 8
 2.646  3.410 8
 3.312  4.028 8
 0.914  1.277 4
 1.541  3.072 4
 2.111  4.450 4
 1.643  3.973 4
 1.603  2.592 8
 1.855  3.816 4
-3.571  0.553 4
-1.846  2.571 4
-1.395  1.897 4
-1.034  5.214 4
 2.238  3.352 8
 1.150  1.689 8
 1.923  4.096 8
 4.536  6.364 4
 3.943 -0.160 4
-0.341  4.311 4
 3.178  3.480 4
 2.225  4.790 8
 0.889  4.777 4
 1.284  1.908 8
 2.330  2.780 8
 1.528  3.045 8
-1.124  3.931 4
-1.080  1.629 8
 2.180  3.442 8
 5.067  0.324 4
 4.677  2.359 4
 3.364  2.644 4
 2.138 -0.364 4
 0.596 -0.289 4
 1.216  3.962 8
 1.913  2.220 8
 0.980  3.926 4
 2.857  3.032 8
 2.923  2.890 4
 1.383  1.090 4
 2.062  1.937 8
 0.863  2.429 8
 3.581  2.568 8
 1.531  2.129 8
 1.057  2.354 8
 2.607  3.476 8
 0.404  4.223 4
-0.551  3.452 4
 4.571  4.849 8
 1.654  4.056 8
 1.124  1.440 8
 3.664  2.784 4
 0.966  1.076 4
 0.038  3.215 8
 0.688  3.727 8
-0.567  5.055 4
 2.947  3.971 8
 4.299  4.968 8
 1.530  3.742 8
 0.762 -0.311 4
 1.667  2.697 8
 0.416  3.150 8
 2.059  3.640 8
 1.353  1.346 4
 0.832  1.540 8
 3.614  2.422 8
 1.016  2.308 8
 2.301  5.477 4
 0.780  1.550 4
-0.489  4.261 4
 2.087  0.898 8
-0.907  4.909 4
 0.073  2.659 8
 2.592  0.917 4
 0.411  2.091 4
-2.790  5.395 4
 1.745  5.747 4
 1.958  3.071 8
 0.205  1.921 8
 0.757  2.333 8
 3.354  2.613 4
 1.143  4.368 4
 2.665  2.634 4
 2.729  3.326 4
 2.760  0.938 8
 3.146  3.768 8
 1.419  2.105 4
 2.766  2.905 8
 0.013  2.084 8
 2.009  3.367 4
 2.379  0.439 4
 2.570  3.357 8
-0.105  2.235 8
 2.265  3.784 8
 2.864  4.947 8
 3.430  2.308 8
 2.655  1.084 8
-0.514  1.997 8
 1.816  4.114 8
 0.757  5.351 4
 1.588  5.194 8
 2.912  1.083 4
 3.136  2.307 4
 3.345  3.954 8
-0.006  4.808 4
 5.298  4.705 8
 2.231  2.199 8
 1.030  4.073 8
 1.579  2.856 8
 1.577  4.169 8
 1.911  3.102 8
-0.118  6.711 4
 3.351  3.761 4
 4.551  0.017 4
 2.663  3.221 8
 2.077  6.040 4
 1.859  3.509 8
 1.973  3.531 4
 2.204  2.875 4
 3.822  3.168 8
 1.504  4.116 8
 2.265  2.599 8
 1.313  2.948 8
 0.953  3.396 8
 1.417  4.780 4
 4.199 -1.377 4
 1.036  2.265 8
 2.856  3.632 4
 1.345  3.137 4
 0.750  2.989 8
 4.487  3.954 8
 4.236  2.170 4
 2.294  4.109 8
 0.810  3.438 8
 1.906  0.838 4
 3.947  4.691 8
 3.003  4.651 4
 1.671  3.357 8
 0.313  0.605 4
 4.034  3.450 4
 0.383  2.374 4
 3.131  2.785 8
 3.075  5.414 8
 1.596  1.062 8
 1.116  3.402 8
 2.413  6.454 4
 0.463  4.012 4
 1.537  2.694 8
 1.786  4.941 8
 2.612  1.991 4
 2.905  3.822 8
 3.609  5.505 4
 7.445  2.414 4
 4.619  5.492 4
 0.376  4.272 4
 1.031  3.105 8
 2.657  2.471 8
 4.449  1.189 8
 1.447  1.173 8
 1.334  1.713 8
 3.319  2.037 4
 5.306  0.813 4
-0.552  2.183 4
 2.888  4.788 4
 2.698  4.604 4
 1.322  4.192 8
 4.056  4.685 4
 0.090  3.974 4
 0.839  4.210 4
 1.536  2.616 8
 1.217  2.640 8
 1.592  3.417 8
 4.221  3.309 4
 2.445  2.195 8
 1.530  1.380 4
 3.008  5.448 8
 0.768  2.157 8
 0.047  1.062 8
 3.564  5.327 4
 4.046  2.560 8
 3.657  0.434 4
 1.669  1.268 4
 0.614  2.842 8
-1.328  1.160 4
-2.089  3.301 4
 0.959  4.546 4
 1.027  2.686 8
 2.263  5.120 4
 2.458  3.534 8
 2.883  2.180 8
 4.607  3.490 4
 1.342  3.088 8
 2.684  4.066 8
 0.000  2.332 8
 3.952  2.711 4
 3.866  1.586 4
 3.392  2.291 8
 1.303  1.456 8
 2.506  2.477 8
 0.531  0.859 8
-0.224  4.365 4
 4.764  1.540 4
 1.921  4.706 8
 2.324  4.255 8
-0.074  1.432 4
 0.617  0.766 4
 1.145  3.476 4
 0.956  3.003 8
 2.425  2.768 8
 3.585  5.230 8
 0.686  0.540 8
 3.038  3.630 8
-0.067  1.234 4
 2.631  4.541 4
 2.404  1.664 8
 2.673  2.281 4
-0.175  2.202 8
 2.069  6.389 8
 1.580  4.158 8
 2.343  2.531 8
 1.232  2.252 4
 1.392  2.029 4
 2.579  3.461 8
 0.202 -4.112 4
 1.682  4.066 4
 0.862  2.451 8
 3.689  6.570 8
 4.436  5.329 8
 3.248  2.133 4
 1.350  1.926 8
 2.369  1.663 8
 0.575  3.356 8
 3.112  2.438 8
 2.229  4.009 8
 3.629  4.303 8
 1.487  4.974 8
 0.160  2.326 8
 0.692  3.704 4
 0.355  2.584 8
 1.062  0.823 4
 1.684  4.478 4
 1.211  3.029 8
-2.558  4.137 4
 0.546  5.010 4
 1.184  2.791 4
 3.739  4.427 8
 2.901  3.592 4
 0.857  1.752 8
 3.524  3.604 8
 2.724  4.167 8
 3.388  3.152 8
 0.125  2.317 4
 1.024  1.788 8
 5.070  3.110 4
-0.183  1.467 4
 2.116  2.446 8
 2.797  2.483 8
 3.078  3.402 8
 1.706  3.232 8
 0.384  2.397 4
-0.010  1.575 4
 0.581  0.558 8
 0.470  2.113 8
 1.296  5.073 4
