 9.851  3.106 2
 3.407  5.326 1
 1.535  1.582 1
 9.593  1.885 2
 1.351  2.032 1
 8.903  2.619 2
 2.059  2.300 1
 2.687  2.720 1
 0.348  1.824 1
 9.610  1.925 2
 1.617  2.665 1
 8.917  1.711 2
 1.766  2.771 1
 3.653  5.603 1
 8.801  1.100 2
10.385  4.208 2
 9.317  1.935 2
10.820  2.548 2
10.441  3.511 2
 9.699  3.598 2
10.289  3.250 2
 0.309  1.733 1
 9.753  2.821 2
 2.391  3.379 1
 2.090  1.630 1
 0.977  0.462 1
 0.679  0.303 1
 3.759  3.855 1
10.775  3.900 2
 9.895  3.531 2
 2.774  6.727 1
 8.985  1.439 2
 3.141  3.649 1
 1.670  3.383 1
11.247  4.122 2
 3.637  7.070 1
 2.137  3.585 1
 1.619  3.357 1
10.046  2.955 2
 8.406  1.747 2
 1.546  1.361 1
 0.951  1.301 1
 0.846  1.208 1
 1.981  2.713 1
 2.644  3.077 1
10.977  4.026 2
 3.338  3.625 1
 1.207  2.556 1
 1.014  0.367 1
 1.687  3.505 1
10.615  3.686 2
11.660  4.679 2
 2.617  0.897 1
 2.265  4.317 1
 2.644  2.893 1
10.200  3.235 2
 2.785  5.342 1
 8.868  2.752 2
 8.556  2.041 2
 9.963  3.039 2
10.121  2.919 2
 3.320  6.507 1
 1.481  3.147 1
10.804  4.397 2
 8.286  2.000 2
 8.979  2.024 2
 9.593  3.045 2
 9.816  2.753 2
10.450  4.019 2
 7.587  0.609 2
 2.061  2.153 1
 2.644  4.178 1
10.145  4.291 2
11.655  4.747 2
 1.859  3.707 1
 9.201  2.255 2
 9.827  2.762 2
 0.879  3.682 1
 1.959  5.142 1
 1.443  4.820 1
 3.627  5.712 1
 0.493  1.480 1
 9.021  2.729 2
 1.817  3.526 1
 1.431  2.709 1
10.849  3.478 2
 2.531  0.916 1
 9.458  1.526 2
 8.836  1.836 2
 9.508  2.446 2
10.457  3.376 2
 9.224  2.441 2
10.617  3.763 2
 9.111  2.096 2
 8.343  0.721 2
 1.521  0.716 1
 2.800  5.831 1
 9.956  2.938 2
 8.664  2.115 2
 9.759  1.747 2
 2.172  4.581 1
 2.270  1.940 1
 1.226 -0.172 1
 3.889  5.759 1
 0.997  1.922 1
 1.382  2.026 1
11.624  4.969 2
 9.862  3.916 2
10.053  3.587 2
 3.852  5.636 1
 2.742  5.334 1
 2.130  3.699 1
 1.652  2.946 1
10.734  3.590 2
 0.375  0.869 1
 3.174  4.798 1
 8.560  2.520 2
10.000  3.368 2
10.868  4.159 2
 2.261  3.561 1
10.598  2.885 2
 9.955  2.715 2
 9.788  2.338 2
 1.355  2.951 1
 0.958  1.146 1
 2.330  5.167 1
 1.334  0.688 1
 9.533  3.615 2
11.331  3.050 2
 1.671  2.293 1
 1.601  1.555 1
10.859  3.540 2
11.431  4.295 2
10.400  3.864 2
 8.768  2.121 2
-0.190  0.313 1
10.924  3.965 2
 1.300  1.844 1
 8.936  1.363 2
 1.940  3.379 1
10.151  2.677 2
 2.355  3.179 1
 1.136  2.815 1
 3.157  2.368 1
 1.890  2.154 1
 2.599  5.895 1
 9.023  2.113 2
 2.220  4.813 1
 1.708  3.054 1
 1.958  1.014 1
10.698  3.219 2
11.092  3.612 2
 3.065  4.348 1
 1.816  3.956 1
 9.676  2.359 2
 0.653  2.658 1
 1.430  2.656 1
10.139  3.113 2
 1.644  3.758 1
 3.570  2.077 1
 9.651  2.138 2
 1.506  6.793 1
 2.296  3.809 1
 1.775  4.079 1
 1.715  0.839 1
 3.798  6.067 1
 4.078  6.520 1
10.440  2.457 2
 1.597  1.998 1
11.213  4.074 2
 8.853  2.683 2
 9.933  2.978 2
 9.585  2.030 2
 1.756  1.287 1
10.296  3.598 2
 9.640  2.600 2
 8.373  2.393 2
 1.808  2.533 1
 8.624  2.099 2
 2.917  5.599 1
 1.655  2.164 1
 0.011 -1.208 1
 9.389  2.668 2
 2.231  4.805 1
 3.132  5.088 1
 2.859  6.564 1
 8.240  0.887 2
 2.563  4.003 1
 1.518  2.182 1
 1.960  4.247 1
 3.696  5.272 1
 2.864  2.468 1
 9.861  3.019 2
 9.691  3.369 2
10.428  3.097 2
10.526  4.054 2
10.039  3.522 2
 2.371  1.524 1
 5.180  6.509 1
 2.637  6.865 1
10.168  2.526 2
11.533  4.792 2
 2.639  4.089 1
 0.942  3.418 1
 8.987  2.316 2
 1.708 -0.751 1
 1.324  3.139 1
10.731  3.511 2
 2.150  2.557 1
11.439  3.414 2
 8.274  1.870 2
 9.085  3.354 2
10.062  2.705 2
 2.389  2.997 1
10.723  3.057 2
 1.695  1.794 1
 0.803  1.181 1
 8.866  2.866 2
 0.663 -1.175 1
 9.476  2.035 2
 2.136  3.532 1
11.698  4.324 2
 9.896  3.542 2
 2.093  1.863 1
 2.266  3.434 1
 1.598  3.489 1
 9.378  1.922 2
 2.379  3.796 1
 2.323  3.727 1
 1.674  3.185 1
 1.286 -0.019 1
10.786  4.325 2
 9.922  3.646 2
 9.621  2.710 2
 0.977  0.392 1
 2.125  5.403 1
 1.480  0.925 1
 1.052  1.620 1
 2.694  5.360 1
 3.323  6.177 1
 1.233  1.701 1
 2.486  2.955 1
10.333  2.953 2
10.079  2.744 2
 2.696  3.782 1
 1.608  3.090 1
10.460  2.985 2
 2.365  4.742 1
 9.210  2.139 2
 9.253  3.082 2
 1.945  3.711 1
 1.338  1.831 1
 3.246  2.838 1
11.247  4.382 2
 2.159  4.508 1
 9.728  2.404 2
11.395  3.453 2
 2.456  4.110 1
 8.818  0.443 2
10.577  3.907 2
10.050  4.132 2
 8.677  2.670 2
 0.832  0.391 1
 8.367  2.852 2
 3.930  3.821 1
10.749  2.894 2
 9.071  2.918 2
 4.021  5.428 1
 2.520  1.880 1
 2.638  5.416 1
11.554  3.722 2
 2.640  4.597 1
 2.816  3.126 1
 8.162  1.369 2
 0.936  1.743 1
 0.154  0.709 1
 1.053  1.276 1
 9.836  2.426 2
 4.185  4.569 1
 2.025  4.331 1
 9.318  2.785 2
 7.207 -0.070 2
 3.025  4.445 1
 7.809  1.011 2
10.351  2.644 2
10.661  4.119 2
10.965  3.270 2
 1.950  3.302 1
10.348  3.819 2
 9.580  2.869 2
 9.707  3.162 2
 9.029  1.460 2
 2.198  3.934 1
 1.376  3.980 1
 8.976  2.572 2
 1.519  3.019 1
 8.949  2.148 2
 1.937  3.997 1
 1.546  2.715 1
 3.231  5.025 1
 1.651  1.028 1
 1.752  4.349 1
 9.734  3.184 2
 2.985  4.494 1
 9.722  2.707 2
 1.768  2.929 1
 2.218  3.986 1
 2.992  2.072 1
 9.965  2.279 2
 2.455  4.340 1
10.160  2.729 2
10.797  3.441 2
10.428  4.445 2
 2.109  2.386 1
 9.130  3.320 2
10.033  1.655 2
 1.857  0.543 1
10.028  3.641 2
10.566  3.374 2
 0.521  0.484 1
 1.276  1.606 1
 0.999 -1.270 1
 2.137  2.583 1
11.696  4.282 2
10.665  3.527 2
 9.866  2.707 2
10.014  3.544 2
10.436  4.135 2
 9.900  3.174 2
 2.310  3.557 1
 9.499  1.951 2
 9.699  3.569 2
 8.574  1.896 2
 0.007 -0.868 1
 8.370  2.211 2
 0.494  0.746 1
 9.027  2.864 2
 1.429  2.984 1
 9.916  2.804 2
10.369  3.097 2
10.636  3.545 2
 8.269  1.750 2
 2.143  5.384 1
 2.525  6.906 1
 8.529  2.064 2
10.923  4.374 2
 1.197  2.123 1
 8.565  2.084 2
 2.825  6.779 1
 1.527  1.516 1
 2.671  4.363 1
 9.377  2.719 2
10.228  3.181 2
 9.092  1.515 2
 9.553  3.037 2
13.029  5.950 2
 9.631  3.434 2
 3.333  3.408 1
 9.883  2.295 2
10.669  3.125 2
 1.246  2.190 1
 9.651  3.777 2
 2.657  2.435 1
10.964  4.582 2
 2.532  3.656 1
 1.784  2.656 1
10.778  3.598 2
 1.503 -0.661 1
 9.302  2.862 2
 9.726  2.614 2
 1.924  3.993 1
 1.476  3.260 1
 1.595  4.419 1
 1.674  0.887 1
10.465  3.653 2
 2.530  3.183 1
 9.987  2.999 2
 2.475  1.660 1
 2.414  4.415 1
 1.297  2.606 1
 2.527  4.671 1
 3.897  5.899 1
 0.301  0.550 1
11.043  3.308 2
 1.033  4.762 1
 9.463  3.326 2
 4.020  8.629 1
 8.953  2.489 2
10.188  3.075 2
10.437  3.038 2
 8.370  1.321 2
11.057  4.784 2
10.429  3.582 2
10.363  3.679 2
 8.675  1.731 2
 9.875  2.958 2
 1.366  2.541 1
 9.078  1.825 2
12.121  5.055 2
11.221  3.710 2
11.791  3.826 2
 1.017  0.595 1
 3.065  4.985 1
 3.202  5.520 1
 1.632  1.763 1
10.390  3.811 2
 2.344  1.070 1
 9.335  2.154 2
 9.453  3.833 2
10.941  3.206 2
 7.370  0.694 2
11.267  4.238 2
 1.222  1.643 1
10.538  3.547 2
 2.035  4.889 1
 2.060  1.107 1
 1.692  2.146 1
 2.599  1.670 1
10.518  2.855 2
 1.659  3.193 1
 0.656 -0.060 1
 2.994  4.891 1
 1.433  2.325 1
 1.897  4.124 1
10.125  3.061 2
 1.486  3.299 1
11.507  2.639 2
 9.704  2.903 2
12.191  5.598 2
 9.980  4.337 2
 9.567  3.264 2
10.582  2.651 2
 2.935  5.571 1
10.271  2.704 2
 9.876  2.889 2
 2.750  4.031 1
 0.306 -0.612 1
10.506  3.412 2
 2.231  2.983 1
10.052  2.863 2
 9.977  2.364 2
 9.574  2.089 2
 9.359  3.043 2
 1.934  5.475 1
 9.147  0.973 2
 2.907  2.284 1
 8.979  1.734 2
10.483  3.448 2
 3.655  5.015 1
 1.077  1.032 1
10.545  4.434 2
 2.451  3.884 1
 7.348  1.259 2
 8.683  2.145 2
 2.322  1.315 1
 1.229  0.686 1
 2.541  1.387 1
 8.798  2.325 2
 3.439  4.538 1
 1.216  0.011 1
 2.724  4.420 1
10.965  4.360 2
10.299  3.414 2
 2.008  1.567 1
11.358  4.324 2
 1.035  3.884 1
 2.793  5.544 1
 1.290  1.852 1
 0.722  1.515 1
 9.880  2.788 2
 0.921 -0.176 1
 3.270  5.146 1
10.762  3.782 2
 9.948  2.189 2
 8.878  3.280 2
 3.569  3.440 1
 9.020  2.971 2
 9.307  2.682 2
11.100  3.863 2
 3.680  8.042 1
 8.942  1.958 2
 2.573  2.794 1
10.772  4.047 2
 1.226  1.369 1
 3.173  6.611 1
10.319  2.693 2
 2.085  2.951 1
 9.548  2.431 2
 9.098  2.378 2
11.182  2.890 2
 2.753  3.569 1
 1.861  4.075 1
11.579  5.213 2
 8.591  3.192 2
 8.321  1.989 2
11.027  4.430 2
 9.041  2.599 2
 1.686  1.200 1
10.925  3.327 2
10.508  2.877 2
 1.102  2.807 1
 9.335  2.757 2
10.215  3.363 2
 3.599  5.194 1
 2.012  6.222 1
 9.623  2.744 2
 2.134  4.436 1
 2.736  3.665 1
 9.183  3.288 2
 8.139  0.652 2
 3.381  5.596 1
 8.727  3.308 2
 9.806  2.204 2
13.063  6.105 2
 8.872  1.545 2
 9.348  3.048 2
 2.233  0.148 1
 8.982  2.503 2
 1.140  1.419 1
 0.030  1.834 1
11.263  3.848 2
 0.732  2.455 1
 0.323 -0.269 1
 8.940  1.905 2
10.448  3.023 2
11.224  3.789 2
 2.490  2.119 1
 1.490  1.999 1
 9.575  3.156 2
 2.557  4.862 1
 8.910  1.481 2
11.385  3.311 2
 4.176  7.757 1
 0.463  1.185 1
 2.351  3.991 1
 9.977  3.462 2
 1.547  3.366 1
 3.220  2.881 1
 9.789  3.080 2
10.776  3.759 2
 9.479  2.160 2
 2.929  4.317 1
 1.858  0.714 1
 1.539  2.813 1
 0.991  2.654 1
 9.690  2.250 2
 8.420  1.463 2
10.591  3.785 2
 1.976  3.220 1
 3.109  4.429 1
11.211  3.258 2
11.194  4.867 2
 1.203  3.351 1
 9.926  2.355 2
10.241  2.698 2
 4.304  6.090 1
 2.509  4.639 1
11.224  4.200 2
 9.643  3.903 2
 8.850  2.628 2
 0.906  3.312 1
10.905  3.848 2
 2.819  5.561 1
10.456  3.821 2
11.160  3.185 2
 2.113  2.005 1
 8.362  1.207 2
11.088  4.566 2
11.204  4.465 2
 3.112  5.276 1
 7.170  0.320 2
 9.610  2.114 2
 2.034  1.787 1
 9.696  4.037 2
10.066  3.199 2
 8.604  2.368 2
 1.466  2.323 1
 2.462  4.455 1
10.617  3.721 2
11.358  4.104 2
 2.382  3.111 1
10.213  2.051 2
 8.742  2.148 2
 8.994  3.430 2
 2.992  6.122 1
 8.418  1.282 2
 0.936  1.354 1
 1.817  1.366 1
10.221  3.417 2
 1.299  1.374 1
 9.905  2.587 2
11.346  4.173 2
 0.888  1.133 1
 1.986  1.676 1
 1.668  3.961 1
 3.271  5.692 1
 8.176  2.106 2
 9.563  3.914 2
10.318  2.674 2
10.490  3.766 2
 1.695  1.663 1
 3.724  3.281 1
 2.589  5.517 1
 3.901  8.525 1
11.411  4.297 2
 2.153  4.827 1
 1.732  6.264 1
 1.304 -1.272 1
 1.708  3.410 1
11.379  3.615 2
 8.006  1.694 2
 0.566  1.987 1
10.950  4.944 2
 9.592  2.878 2
 2.150  0.283 1
 9.256  2.144 2
 9.228  2.404 2
 1.097 -1.589 1
 8.912  1.184 2
 9.674  2.063 2
 2.653  2.836 1
 3.289  2.485 1
10.439  3.592 2
 1.619  4.712 1
10.358  3.138 2
 0.702  2.777 1
 9.419  2.965 2
 0.852 -1.572 1
11.155  3.106 2
 9.433  2.363 2
10.058  3.419 2
 1.518  3.017 1
 1.875  2.085 1
 9.525  2.413 2
10.149  3.380 2
 9.979  2.990 2
 8.722  1.529 2
 2.872  3.015 1
10.134  3.571 2
 9.871  2.985 2
 2.822  3.746 1
10.281  2.945 2
10.149  3.478 2
 2.403  3.050 1
 2.632  4.036 1
 8.774  1.698 2
10.538  2.105 2
 0.981  1.660 1
 2.818  3.077 1
 9.108  2.002 2
-0.033  0.242 1
 1.980  2.457 1
 9.689  2.558 2
10.240  3.363 2
 0.659 -2.373 1
 0.222  1.072 1
11.428  4.889 2
 9.163  2.028 2
 9.053  2.035 2
 2.876  3.675 1
 0.765  1.291 1
 9.506  2.528 2
11.218  4.036 2
 2.027  2.854 1
 2.013  3.790 1
 9.310  3.197 2
 2.326  2.654 1
10.187  2.707 2
 9.776  3.715 2
 2.525  4.363 1
10.158  4.496 2
 8.581  2.252 2
 8.788  2.068 2
 9.556  2.680 2
10.141  3.500 2
 3.499  4.878 1
 8.841  2.412 2
 8.773  3.244 2
11.272  2.916 2
 2.346  3.575 1
10.070  3.691 2
11.110  4.828 2
 8.459  2.783 2
 7.226  0.635 2
10.714  4.472 2
 9.065  2.651 2
 1.435  2.441 1
 1.393  1.640 1
 2.622  5.908 1
 4.212  5.406 1
11.179  4.248 2
10.077  1.692 2
 1.745  4.986 1
 0.838  1.049 1
 2.501  3.753 1
 2.303  4.469 1
 2.883  3.877 1
 3.433  5.664 1
 9.049  2.220 2
 9.843  2.222 2
10.214  3.146 2
 8.289  2.121 2
 1.180  1.219 1
 2.617  2.623 1
 1.014  3.217 1
11.680  4.680 2
 9.366  1.430 2
 1.991  5.007 1
10.666  2.870 2
 2.964  4.615 1
10.099  2.939 2
10.970  4.104 2
10.907  2.682 2
11.491  4.903 2
 0.497  0.906 1
 9.795  2.252 2
 9.581  3.264 2
11.457  4.508 2
 2.977  2.759 1
 0.613  1.675 1
 1.890  5.159 1
 8.862  2.468 2
 1.809  2.780 1
10.628  4.430 2
 1.614  4.755 1
10.113  2.147 2
 3.373  4.701 1
11.675  4.259 2
 9.200  2.756 2
 9.711  2.521 2
 1.328  1.672 1
 2.235  2.376 1
 3.722  5.894 1
 2.411  4.555 1
 8.511  2.262 2
 8.899  2.420 2
 1.528  2.028 1
 9.102  1.903 2
 2.884  3.058 1
 1.603  2.429 1
 1.383  0.790 1
12.051  5.033 2
 0.914  2.010 1
 1.647  3.693 1
10.156  2.927 2
11.179  4.690 2
-0.692 -2.095 1
 9.638  2.209 2
 1.573  1.735 1
 9.467  2.655 2
 8.635  1.860 2
12.450  4.782 2
 9.240  2.514 2
 2.941  5.047 1
11.355  4.526 2
 2.703  2.932 1
 9.652  2.551 2
 8.431  1.889 2
 9.896  4.071 2
10.472  2.821 2
 4.541  8.844 1
 1.480  3.298 1
 1.737  0.520 1
 2.273  4.435 1
 1.424  2.594 1
 6.296 -0.374 2
 8.165  0.716 2
 0.101  1.311 1
 9.907  4.551 2
 1.440  0.622 1
11.081  4.292 2
 4.255  8.279 1
10.324  4.059 2
-0.382 -0.401 1
10.654  3.403 2
 1.762  2.164 1
10.443  2.720 2
 1.771  3.052 1
 8.236  1.632 2
 2.197  2.388 1
 9.447  3.715 2
 2.382  2.395 1
 2.456  2.706 1
10.479  2.318 2
 2.044  3.040 1
 9.076  2.369 2
 8.613  1.803 2
 0.237  1.621 1
 1.601  3.069 1
 1.007  4.421 1
 1.739  2.616 1
 1.461  1.652 1
11.025  3.692 2
 9.754  3.173 2
 8.168  1.466 2
 5.012  8.526 1
 7.855  1.938 2
 9.758  2.264 2
 9.682  2.749 2
 1.241 -1.205 1
11.678  4.186 2
 1.275  0.869 1
 1.900  5.215 1
11.313  3.707 2
 2.237  3.626 1
 2.424  2.587 1
 0.937  1.332 1
 9.603  3.717 2
 0.538 -0.316 1
 1.778  3.950 1
 3.242  7.335 1
 1.588  3.789 1
11.201  2.762 2
 8.575  0.844 2
 3.866  7.332 1
 1.935  2.765 1
 1.973  5.231 1
10.240  3.129 2
10.815  3.311 2
 9.278  2.753 2
 9.292  1.938 2
 8.413  1.405 2
 3.829  6.671 1
 8.372  2.066 2
10.712  3.227 2
 1.953  2.391 1
 9.434  3.298 2
10.846  4.050 2
 2.060  3.991 1
 9.922  2.588 2
 1.983  1.766 1
 2.470  3.290 1
 1.858  1.693 1
10.209  2.390 2
11.350  4.594 2
 0.653  0.841 1
12.048  4.612 2
10.659  3.760 2
10.213  3.293 2
10.747  4.141 2
11.330  3.946 2
 1.871  3.399 1
 9.255  2.587 2
10.619  4.186 2
 9.680  4.153 2
 8.680  3.025 2
10.188  3.481 2
10.352  4.002 2
 3.445  4.727 1
10.097  2.395 2
10.333  3.732 2
 2.227  3.464 1
11.753  4.828 2
 9.441  2.229 2
 4.460  6.499 1
 9.198  2.558 2
 9.833  2.578 2
10.072  3.062 2
 8.234  1.332 2
 1.312  3.988 1
 9.031  3.737 2
 1.958  5.642 1
 1.733  2.607 1
 9.466  2.906 2
 2.363  3.043 1
 2.737  6.167 1
 2.890  6.048 1
10.206  3.053 2
-0.920 -3.981 1
 1.878  2.114 1
 9.335  2.289 2
 9.308  2.520 2
 2.978  3.854 1
 1.866  5.516 1
10.241  3.414 2
 1.706  1.799 1
 8.661  2.608 2
10.737  3.436 2
 2.695  5.382 1
 6.957  0.674 2
11.484  3.180 2
 2.908  4.883 1
 1.526  3.594 1
11.804  4.371 2
10.212  2.824 2
 3.063  4.838 1
 0.622  0.206 1
 0.980  2.278 1
 9.981  3.969 2
 2.404  3.268 1
 1.383  0.626 1
 1.791  4.564 1
11.191  4.837 2
10.405  3.757 2
10.653  3.070 2
 3.795  6.071 1
10.726  3.383 2
 1.541  1.000 1
 8.313  2.591 2
 1.827  1.669 1
 1.382  2.214 1
10.680  4.674 2
11.520  5.334 2
 0.342  2.231 1
 2.440  2.418 1
 2.216  4.123 1
 9.261  2.254 2
 9.607  2.787 2
 9.031  2.588 2
 9.702  3.408 2
 1.159  2.638 1
 1.392  5.251 1
 4.567  6.975 1
 3.683  3.272 1
 1.768  2.387 1
11.167  4.435 2
 4.301  6.416 1
 2.024  4.443 1
 1.276  1.862 1
 2.276  5.186 1
 1.353  2.121 1
 1.844  2.814 1
 9.173  2.864 2
11.221  3.566 2
 1.308  1.533 1
10.832  3.829 2
 2.815  1.635 1
-0.012 -1.062 1
 3.339  5.303 1
11.393  4.022 2
 2.330  3.829 1
 3.012  4.454 1
 0.613 -0.281 1
 9.697  2.358 2
 3.389  5.174 1
10.354  3.328 2
 9.577  2.953 2
11.225  5.703 2
 3.265  4.140 1
 1.013  3.431 1
 2.227  5.312 1
 0.448 -0.184 1
 3.433  5.667 1
 9.929  2.553 2
 1.284  4.203 1
 0.978  1.299 1
11.068  3.810 2
 8.308  1.799 2
 1.891  3.602 1
 8.680  2.420 2
 2.690  3.692 1
 1.896  2.307 1
 8.111  1.925 2
 1.745  5.067 1
 9.602  2.600 2
10.260  3.082 2
 0.991  1.021 1
 9.555  2.127 2
 1.669  3.785 1
12.006  5.078 2
 9.491  1.997 2
 9.573  2.393 2
 9.843  3.152 2
10.344  2.934 2
-0.183 -0.206 1
 1.688  1.248 1
11.105  4.296 2
 9.550  2.785 2
11.004  4.056 2
10.161  3.770 2
11.258  4.738 2
 1.543 -0.349 1
10.809  2.628 2
 2.674  3.408 1
10.145  2.830 2
 9.391  1.883 2
12.454  4.738 2
 2.037  1.810 1
 0.963  3.111 1
 3.435  5.999 1
 0.419  1.567 1
 1.631  2.010 1
 0.854  0.199 1
 9.438  2.058 2
 3.034  3.298 1
10.856  3.596 2
 1.248  2.154 1
 2.693  3.781 1
10.410  3.403 2
 9.869  4.132 2
 9.419  2.777 2
 2.211  3.920 1
 3.103  4.825 1
 9.486  1.876 2
 2.743  5.700 1
 1.714  3.353 1
10.251  3.068 2
 4.055  6.297 1
 9.554  3.655 2
 2.583  2.919 1
 1.222  4.288 1
10.929  4.288 2
 9.231  2.424 2
10.371  3.466 2
 8.800  2.140 2
11.065  3.605 2
 9.021  1.376 2
 1.292  3.115 1
 1.727  2.880 1
 1.738  4.376 1
10.907  4.011 2
10.183  3.300 2
 3.367  4.964 1
11.495  4.541 2
 1.157  2.468 1
12.452  3.909 2
10.225  4.051 2
 2.625  3.284 1
 0.679  2.502 1
 3.000  6.343 1
10.021  2.086 2
 3.084  5.123 1
 0.481  2.272 1
11.035  3.197 2
 1.281 -0.679 1
 9.759  3.183 2
 1.745  0.379 1
 2.883  2.651 1
10.711  3.541 2
 9.546  2.694 2
 8.849  2.398 2
 2.351  2.236 1
 2.569  2.301 1
10.453  2.850 2
 9.993  2.733 2
 0.512  0.927 1
11.852  3.735 2
 2.372  2.484 1
 0.165  1.266 1
 1.714  2.501 1
 2.175  1.225 1
 9.302  3.819 2
11.214  3.618 2
 2.511  4.232 1
 1.906  2.814 1
11.206  4.276 2
10.532  2.955 2
 2.077  1.162 1
11.017  3.981 2
 2.863  5.311 1
 2.395  2.027 1
 3.405  6.357 1
10.688  4.390 2
10.943  3.483 2
11.128  4.333 2
 3.150  7.956 1
10.350  4.167 2
 3.650  4.908 1
 8.743  1.873 2
 3.197  5.682 1
 9.142  2.397 2
 9.522  2.148 2
 2.085  2.513 1
10.675  2.213 2
 1.690  1.982 1
 9.886  3.764 2
 9.110  1.897 2
 9.269  2.363 2
10.069  2.392 2
 3.036  5.161 1
11.087  3.863 2
 1.572  3.131 1
10.437  3.614 2
 2.960  5.069 1
 9.587  2.139 2
 1.837  3.936 1
 1.335  2.128 1
10.529  3.812 2
 9.411  2.096 2
 2.929  3.937 1
 1.033 -0.437 1
11.051  3.344 2
 3.305  5.975 1
10.011  2.876 2
-0.459 -1.104 1
11.606  4.391 2
 1.949  5.571 1
 9.533  1.641 2
 9.617  1.819 2
 9.605  2.600 2
 9.014  2.678 2
 2.230  6.368 1
 8.680  1.357 2
 2.979  3.388 1
 8.658  1.204 2
 2.742  4.035 1
11.169  3.884 2
 1.923  3.792 1
 9.705  3.133 2
 2.821  2.902 1
 2.467  3.377 1
 9.438  2.051 2
11.689  5.284 2
 9.572  2.372 2
 8.867  2.097 2
 9.706  3.417 2
 1.357  1.808 1
 3.789  7.998 1
11.692  5.052 2
10.459  2.689 2
 7.909  2.599 2
 1.116  2.003 1
 8.879  1.906 2
 2.789  4.141 1
 1.252  0.479 1
 9.285  1.936 2
 1.303  0.505 1
 8.149  2.215 2
 8.707  1.737 2
 1.565  3.113 1
 2.416  3.425 1
 0.849  1.173 1
 1.316  1.044 1
 1.590  0.948 1
12.155  5.615 2
 9.207  3.970 2
 9.237  1.133 2
 3.462  6.146 1
11.922  3.026 2
 1.237  0.676 1
 9.569  2.239 2
10.851  3.589 2
 3.317  4.691 1
 0.876 -1.573 1
 1.985  3.102 1
11.157  3.784 2
10.253  3.522 2
 2.739  4.032 1
10.781  4.215 2
 3.157  6.663 1
 3.653  6.960 1
10.126  4.331 2
 2.415  3.380 1
-0.503 -1.880 1
 2.529  3.159 1
 2.636  5.887 1
10.832  3.853 2
 9.787  2.454 2
 1.400  2.400 1
 2.564  4.979 1
 2.529  2.349 1
 1.599  1.961 1
10.464  3.481 2
 0.880  3.484 1
 9.721  3.176 2
10.244  3.137 2
 2.156  2.016 1
 9.849  2.633 2
12.096  3.664 2
10.566  2.911 2
 9.749  2.806 2
 9.615  2.347 2
11.716  4.666 2
 3.094  2.478 1
10.437  4.298 2
 4.305  6.685 1
 9.634  3.046 2
 1.330  2.028 1
 1.968  2.112 1
 9.911  3.634 2
 9.484  2.644 2
 3.814  3.963 1
 3.913  6.073 1
10.230  2.315 2
10.613  3.694 2
 9.220  1.874 2
 7.916  1.528 2
 0.880  2.131 1
 2.367  3.123 1
 3.753  5.648 1
10.485  3.325 2
 9.988  3.741 2
 2.241  5.041 1
11.094  4.121 2
 3.156  4.642 1
 1.638  1.320 1
 0.695  0.895 1
10.244  3.076 2
 1.812  5.186 1
 2.567  2.553 1
 2.201  0.662 1
 9.933  3.241 2
 2.159  2.983 1
 2.577  4.955 1
 2.115  2.575 1
 9.004  2.267 2
10.083  3.388 2
 0.943  0.591 1
 9.807  2.838 2
10.179  3.061 2
 2.433  2.287 1
 1.618  2.041 1
 2.595  2.194 1
-0.123 -1.070 1
 4.114  6.790 1
 9.588  3.042 2
 1.504  3.437 1
 1.114  1.738 1
 0.940  0.971 1
10.447  2.917 2
 8.777  1.694 2
11.688  5.399 2
11.350  4.426 2
10.950  3.019 2
 8.197  2.340 2
 9.112  1.693 2
 2.329  3.255 1
11.117  4.411 2
 2.454  4.212 1
 3.479  5.561 1
 0.999  0.220 1
 7.699  1.178 2
 2.955  4.669 1
 9.945  2.245 2
 1.737  2.854 1
10.512  3.944 2
 8.883  2.035 2
 0.932  2.125 1
 7.700  1.047 2
10.632  3.131 2
11.192  4.173 2
 0.638  2.907 1
 2.430  2.899 1
 9.171  1.593 2
 9.248  2.366 2
 2.807  4.887 1
12.307  5.066 2
11.132  4.689 2
 8.800  1.770 2
 2.810  4.633 1
 2.455  1.867 1
 2.012  2.409 1
 9.977  2.971 2
 1.930  0.620 1
 2.957  5.143 1
 8.478  3.709 2
 1.620  4.208 1
 2.045  4.505 1
 8.228  1.245 2
11.026  3.698 2
11.569  4.769 2
11.062  4.234 2
 2.280  3.627 1
 9.740  3.404 2
10.555  3.645 2
 9.729  2.606 2
 9.242  2.585 2
11.455  3.305 2
11.010  4.600 2
 1.145  2.052 1
 2.304  4.086 1
 9.006  1.407 2
 7.943  1.559 2
 1.878  4.745 1
 8.852  1.735 2
11.642  5.259 2
 8.510  2.195 2
 9.950  2.840 2
10.325  3.421 2
 2.166  1.022 1
 1.159  1.964 1
10.232  4.013 2
 3.212  5.963 1
 2.447  5.095 1
 8.383  2.002 2
10.904  3.665 2
11.285  3.485 2
 9.743  2.920 2
 2.852  4.375 1
 9.836  4.022 2
10.871  3.705 2
 1.752  0.465 1
 9.510  3.027 2
 1.301  3.989 1
 2.326  2.424 1
 1.021 -0.435 1
 7.229  1.354 2
 9.414  2.951 2
 3.124  6.336 1
 2.216  3.503 1
10.090  3.160 2
 1.617  1.361 1
 1.178  0.233 1
 1.825  3.067 1
 8.673  3.049 2
 0.818  1.226 1
 8.224  2.170 2
 3.109  3.238 1
 9.470  1.549 2
 3.332  0.492 1
 1.840  1.741 1
 9.834  2.657 2
 9.323  2.046 2
 2.495  5.729 1
 8.860  2.366 2
 1.304  1.242 1
 2.241  1.839 1
 2.441  2.801 1
 1.938  2.208 1
10.116  2.735 2
 0.683  2.857 1
 8.779  2.584 2
 9.887  2.729 2
 1.645  1.101 1
 1.571  1.601 1
 0.534  3.004 1
 1.759  0.628 1
 9.263  1.846 2
10.912  3.299 2
10.670  2.959 2
10.899  2.440 2
 0.971 -2.881 1
 2.624  2.207 1
 3.572  5.469 1
 3.379  4.595 1
11.389  3.961 2
10.568  3.180 2
 9.387  2.630 2
11.416  3.793 2
 0.365 -0.542 1
-0.250  0.340 1
 0.672 -1.918 1
 1.928  1.989 1
 9.455  2.692 2
 0.078  0.329 1
10.830  4.340 2
10.239  2.381 2
 9.441  2.713 2
 0.913  1.776 1
10.088  4.181 2
 3.066  3.519 1
 5.254  9.828 1
 3.966  7.436 1
 2.854  4.715 1
 1.334  0.972 1
 2.071  3.630 1
 1.617  1.745 1
 2.254  3.408 1
 9.412  2.087 2
 2.076  3.194 1
 2.454  3.316 1
 9.901  2.277 2
 2.335  3.298 1
12.028  3.607 2
 1.165  2.836 1
10.845  4.375 2
 8.907  1.370 2
 9.991  2.659 2
 9.187  2.380 2
 9.190  2.449 2
 0.729  1.035 1
 0.298  0.017 1
 0.867  2.141 1
 9.366  3.301 2
 1.005  0.714 1
 1.289  2.234 1
 9.904  2.419 2
 8.477  1.135 2
 1.333  3.257 1
 8.920  1.409 2
 1.959  3.886 1
 0.678  1.124 1
10.364  2.548 2
 9.102  2.464 2
 1.835  2.208 1
10.427  4.507 2
10.498  3.094 2
10.786  4.391 2
 9.573  1.998 2
 2.512  3.459 1
10.369  2.938 2
10.470  3.344 2
 1.086  1.543 1
 2.289  3.089 1
 3.117  4.103 1
 9.517  2.536 2
 9.281  2.842 2
10.364  4.291 2
 1.869  1.380 1
 3.035  5.183 1
 1.610  2.932 1
 2.601  0.456 1
 1.389  2.829 1
 1.364  2.749 1
 0.818  0.917 1
 9.458  2.205 2
 1.648  3.423 1
 9.104  1.890 2
 2.600  3.768 1
10.830  2.931 2
 9.281  3.035 2
 3.488  6.295 1
10.377  4.210 2
11.438  4.483 2
 1.849  5.261 1
10.994  3.360 2
 2.237  2.857 1
 1.393  2.259 1
10.500  2.625 2
 9.519  3.148 2
 2.304  4.651 1
 3.381  7.755 1
 0.831  3.996 1
 4.071  7.729 1
11.608  4.866 2
 2.527  3.306 1
 2.390  4.988 1
 9.777  2.561 2
11.227  3.086 2
11.202  3.853 2
 1.114  0.687 1
11.768  3.913 2
 1.528  0.599 1
 1.979  3.567 1
 1.362 -0.707 1
 9.317  2.529 2
 7.637  1.527 2
10.856  4.203 2
 3.745  5.629 1
12.028  4.471 2
 8.946  1.382 2
 3.578  6.897 1
 2.258  2.567 1
 2.270  4.702 1
 9.370  1.952 2
 8.883  2.787 2
 3.022  5.127 1
 3.667  6.417 1
 2.426  6.896 1
 1.280  2.423 1
10.585  4.488 2
10.328  2.674 2
 2.073  4.011 1
10.517  1.337 2
 2.527  3.996 1
 3.099  4.396 1
-0.399 -2.686 1
 2.725  4.491 1
 1.113 -0.687 1
 1.481  3.720 1
 3.144  3.919 1
 2.819  3.647 1
 2.652  5.480 1
 2.605  7.170 1
 0.046  0.520 1
 8.894  2.805 2
 1.932  3.331 1
10.150  3.148 2
10.238  1.994 2
 8.977  2.136 2
 1.353  1.960 1
11.244  3.545 2
 2.552  4.971 1
 4.391  7.144 1
 9.584  2.563 2
 1.014  2.200 1
 9.967  2.507 2
10.926  3.877 2
 1.895  2.555 1
 0.303  1.478 1
10.689  3.234 2
 9.745  2.536 2
 8.992  2.767 2
 9.140  2.330 2
11.119  5.260 2
 2.711 -0.826 1
 7.375  0.520 2
 9.826  3.275 2
11.861  4.506 2
11.974  3.814 2
11.162  4.076 2
10.645  4.558 2
 1.477  0.474 1
 8.790  2.667 2
 1.295  4.475 1
 1.742  1.047 1
 2.414  4.200 1
 8.486  2.125 2
10.871  4.652 2
11.269  4.364 2
 2.556  3.700 1
 1.847  1.982 1
 1.676  3.333 1
10.106  1.995 2
 2.497  3.770 1
 9.411  2.587 2
 1.234  1.635 1
 0.975  2.509 1
 2.546  4.390 1
11.927  5.349 2
 3.196  4.439 1
10.283  2.909 2
 9.628  2.472 2
 8.935  1.525 2
 8.706  1.557 2
 1.534  3.402 1
 9.937  2.725 2
10.800  3.956 2
 2.090  4.395 1
 9.491  1.572 2
 9.953  3.079 2
 8.393  1.726 2
 9.600  2.990 2
11.051  3.755 2
 0.781  3.822 1
 9.318  2.633 2
 8.779  1.694 2
 1.177 -2.575 1
10.102  3.490 2
 1.127  1.050 1
10.849  3.474 2
 2.234  2.162 1
 8.417  1.641 2
 2.906  3.070 1
11.192  4.808 2
 1.109  1.834 1
 4.099  4.454 1
 9.776  3.203 2
 0.146  1.964 1
 9.575  2.992 2
 2.029  4.407 1
 2.573  3.112 1
 9.882  2.734 2
 2.964  3.507 1
 1.467  2.540 1
10.368  3.539 2
 9.397  2.397 2
10.573  2.511 2
11.487  5.309 2
 2.135  5.498 1
 2.417  1.543 1
 1.295  0.987 1
 1.102  1.883 1
 2.420  1.291 1
 2.061  0.707 1
11.030  4.834 2
 9.741  2.607 2
 1.011  1.185 1
 9.845  3.240 2
 2.201  3.482 1
 9.524  2.557 2
 1.274  1.910 1
 1.571  4.855 1
 1.471  2.940 1
 3.292  5.899 1
 6.605  1.947 2
 8.031  2.320 2
10.471  4.212 2
 9.105  2.613 2
 9.550  2.482 2
 8.893  2.615 2
 1.415  2.461 1
 8.985  2.712 2
10.370  2.714 2
12.213  4.784 2
 1.548  3.254 1
 0.708  0.536 1
 9.680  2.625 2
10.613  3.167 2
 8.502  0.478 2
11.145  4.299 2
 2.407  4.801 1
 9.165  0.528 2
 1.935  2.554 1
 0.310 -1.730 1
 2.489  5.745 1
 1.803  3.466 1
 0.337 -2.400 1
 2.402  3.807 1
10.607  3.498 2
11.066  3.525 2
 7.967  1.680 2
10.216  3.834 2
 3.421  5.660 1
-1.354 -3.464 1
 3.832  6.385 1
 0.970  1.412 1
11.403  5.114 2
 9.512  2.451 2
10.617  2.091 2
 2.270  5.363 1
 4.381  5.015 1
 1.947  2.137 1
 9.127  1.559 2
10.196  3.189 2
 2.655  3.265 1
 3.032  3.482 1
 1.815  2.060 1
 9.917  3.865 2
 1.307  1.221 1
 2.440  2.760 1
 1.548  2.461 1
 1.759  1.131 1
 1.644  1.127 1
 0.572  1.243 1
 9.169  3.636 2
 1.031  2.482 1
 3.697  5.800 1
 3.247  5.108 1
 8.754  1.766 2
 1.263  2.263 1
 8.849  0.895 2
12.500  4.945 2
 2.959  2.468 1
 0.931  0.304 1
 2.142  2.513 1
 1.233  2.376 1
 1.831  3.580 1
11.758  4.713 2
 8.353  0.631 2
10.095  2.765 2
10.945  3.373 2
 1.721  3.941 1
 9.374  3.359 2
 2.098  3.085 1
 3.846  4.743 1
 0.558  0.043 1
 0.752  1.357 1
 9.698  2.601 2
10.473  4.295 2
 2.487  6.832 1
 9.862  3.157 2
 9.897  2.918 2
 1.769  3.932 1
 2.832  5.177 1
11.006  4.122 2
 2.455  3.711 1
 3.062  6.618 1
 9.523  3.574 2
 8.622  1.709 2
10.956  3.577 2
 9.814  3.321 2
 1.672  2.522 1
 1.769  4.385 1
 1.284  1.492 1
 4.393  4.150 1
 8.797  2.042 2
 1.229  2.921 1
 0.866  0.121 1
 9.211  1.238 2
10.117  2.693 2
10.732  3.880 2
 3.756  6.484 1
 7.725  1.589 2
 9.858  3.053 2
 3.811  5.746 1
 2.389  3.867 1
 9.126  2.982 2
 1.464  2.361 1
 4.028  4.852 1
-0.288 -1.976 1
 2.933  3.170 1
 6.268 -0.957 2
 1.813  3.261 1
 9.973  3.346 2
10.090  2.335 2
 9.465  2.188 2
 3.135  3.514 1
 9.896  2.694 2
 1.166  0.017 1
10.764  3.741 2
10.039  3.502 2
 0.866  2.304 1
 2.933  4.489 1
 2.057  2.585 1
 9.373  3.254 2
-0.416  0.292 1
 8.716  2.417 2
10.924  3.386 2
-0.619 -1.293 1
10.320  3.100 2
 0.246 -0.003 1
 9.399  1.790 2
 9.652  4.030 2
 1.431  1.360 1
 4.306  7.089 1
 1.792 -0.686 1
10.653  4.137 2
 0.965  2.051 1
10.012  3.815 2
 2.423  4.212 1
 2.672  3.792 1
 9.973  1.547 2
 9.761  3.535 2
 2.416  5.766 1
 9.652  2.695 2
 8.794  1.624 2
 1.040  0.716 1
 2.619  3.754 1
 9.876  3.307 2
 9.058  3.017 2
10.423  3.317 2
 3.513  6.315 1
 1.835  4.443 1
 9.169  2.166 2
 2.210  5.232 1
 8.555  1.708 2
10.558  3.270 2
10.092  1.938 2
 3.453  2.818 1
11.026  3.551 2
 8.153  1.806 2
 9.068  2.232 2
10.182  2.745 2
10.658  3.469 2
10.373  3.278 2
10.029  4.389 2
 0.316  2.386 1
10.029  3.849 2
 1.942  2.560 1
 3.560  5.057 1
 2.149  4.472 1
 1.577  1.451 1
11.026  3.527 2
 8.538  1.639 2
 8.622  1.477 2
-0.120 -0.693 1
 2.035  3.157 1
 2.759  4.569 1
 0.656  0.529 1
 1.625  2.668 1
 9.823  2.631 2
 2.224  4.295 1
 9.884  2.841 2
 2.636  5.006 1
 0.468  1.003 1
 9.623  3.920 2
-0.411 -1.644 1
 9.456  3.158 2
11.154  4.081 2
 2.709  5.501 1
 9.635  2.464 2
 8.786  1.462 2
 2.826  4.707 1
11.116  3.500 2
 1.215  1.772 1
 3.023  3.443 1
 0.654  1.510 1
 9.912  2.571 2
11.050  3.869 2
 2.149  4.626 1
10.873  4.033 2
 3.434  5.128 1
 9.416  2.211 2
 1.990  3.386 1
 1.446  2.940 1
 2.012  4.117 1
 1.180  1.642 1
 7.021  0.769 2
10.796  2.973 2
 3.800  6.006 1
 1.866  3.338 1
 9.783  2.224 2
 2.821  2.241 1
 3.022  5.887 1
 9.246  2.087 2
10.971  4.025 2
 2.470  2.744 1
 3.906  4.408 1
10.190  2.887 2
 8.987  3.138 2
 2.178  2.653 1
 9.453  1.422 2
10.463  2.086 2
10.441  3.217 2
 1.616  3.098 1
10.672  3.581 2
 1.347  3.090 1
10.650  2.917 2
11.142  3.786 2
10.398  4.190 2
 1.420  1.547 1
 9.515  2.013 2
10.294  3.111 2
10.399  3.753 2
 1.249  2.728 1
 2.204  2.782 1
 8.520  2.457 2
 8.789  0.653 2
-0.400 -1.480 1
 9.047  2.373 2
 2.150  2.080 1
 1.530  2.116 1
 2.793  5.123 1
 7.506  1.369 2
 1.907  1.295 1
-0.577 -1.243 1
 1.500  2.707 1
 2.733  2.320 1
 9.185  2.383 2
 2.161  4.197 1
12.057  2.728 2
 1.323  2.366 1
 2.822  3.892 1
 3.951  5.054 1
 2.287  2.884 1
 7.550  1.253 2
 9.048  2.936 2
 9.679  1.268 2
11.609  4.401 2
10.382  3.017 2
 1.556  0.580 1
 1.529  2.102 1
 1.271  2.786 1
 3.863  4.840 1
 7.656  0.920 2
10.064  1.882 2
12.570  5.349 2
 1.896  4.716 1
 1.269  2.016 1
10.932  3.080 2
 2.516  3.505 1
 0.642  1.964 1
-0.202 -0.976 1
 8.050  1.365 2
11.011  4.329 2
 2.338  4.028 1
 2.078  2.218 1
 0.067  1.866 1
10.633  3.417 2
 8.777  1.141 2
 2.388  3.187 1
 0.535  1.815 1
-0.269  0.124 1
 2.016  3.043 1
 0.464  2.307 1
 2.210  3.862 1
 1.954  1.797 1
 9.370  3.162 2
 3.817  7.029 1
 1.490  2.470 1
 0.874  0.013 1
 8.881  1.732 2
 3.123  3.687 1
10.819  4.975 2
 2.741  5.116 1
 9.770  3.094 2
10.791  2.752 2
 3.066  3.715 1
12.539  5.184 2
 1.523  0.764 1
 2.304  4.335 1
 1.004  2.095 1
 2.455  4.100 1
 3.581  8.342 1
10.749  3.522 2
 1.261  2.004 1
10.267  3.552 2
 3.139  3.316 1
 2.510  2.354 1
10.922  3.505 2
 2.687  4.037 1
 9.289  1.964 2
 2.349  5.105 1
 0.141  0.357 1
 2.762  4.755 1
 2.444  4.219 1
 1.920  4.207 1
10.357  4.222 2
 1.412  4.611 1
 9.290  1.452 2
10.841  3.651 2
10.319  1.626 2
 9.837  3.268 2
10.289  2.833 2
 1.124  1.292 1
 2.638  5.583 1
10.470  4.196 2
10.053  3.332 2
 1.851  4.100 1
 9.406  1.956 2
 9.675  3.372 2
10.180  2.765 2
11.573  4.335 2
 2.588  5.163 1
10.142  3.901 2
 9.137  2.874 2
10.624  2.756 2
 3.584  6.399 1
10.027  3.226 2
 3.419  4.951 1
 8.227  2.771 2
 2.204  5.454 1
 0.486 -1.239 1
10.250  3.429 2
10.287  3.419 2
 3.471  8.566 1
 8.086  1.931 2
 1.241  2.773 1
 1.759  4.004 1
 2.933  5.881 1
 8.919  2.084 2
 1.614  2.742 1
-0.042  0.062 1
10.753  2.702 2
 2.074  3.089 1
 2.356  2.808 1
 9.874  3.754 2
 8.460  2.219 2
 2.330  4.364 1
 2.108  1.505 1
 9.332  2.973 2
 8.047  0.674 2
 1.634  0.575 1
 1.413  3.304 1
 3.532  4.745 1
 2.145  1.833 1
 9.456  3.768 2
 6.634  0.154 2
 1.510  3.084 1
 2.139  2.937 1
 3.317  6.421 1
 0.075  2.012 1
 2.384  2.964 1
10.387  3.871 2
 2.765  6.497 1
11.916  4.666 2
10.034  2.951 2
 1.872  2.770 1
 2.468  3.215 1
10.780  3.699 2
 9.965  1.868 2
 2.325  2.812 1
 9.543  2.105 2
 8.423  1.758 2
 1.473  0.634 1
 8.649  2.458 2
 2.349  5.201 1
 9.373  2.234 2
 2.024  4.737 1
 2.409  3.967 1
 9.347  2.411 2
-0.098 -2.074 1
11.366  5.077 2
11.461  4.780 2
 1.357  0.874 1
 2.054  1.585 1
10.117  3.049 2
 2.013  1.823 1
 1.223 -0.923 1
11.921  5.027 2
10.320  2.305 2
11.342  2.721 2
 0.815 -1.633 1
 2.546  3.667 1
 2.680  4.542 1
 0.685  2.731 1
 9.772  3.135 2
 1.701  1.063 1
 2.179  2.425 1
 8.175  1.117 2
10.535  4.188 2
 8.079  1.127 2
11.580  3.902 2
10.906  2.547 2
 3.658  7.748 1
 0.143  0.052 1
10.408  2.857 2
 1.135  1.008 1
 2.448  2.442 1
11.832  4.423 2
 3.885  6.687 1
 3.513  6.457 1
 2.356  2.750 1
 9.535  3.190 2
10.148  3.119 2
 9.477  2.801 2
10.213  3.172 2
10.360  2.810 2
 1.817  3.024 1
 2.697  5.927 1
 8.876  2.151 2
 8.319  2.120 2
 9.514  1.921 2
 3.004  5.623 1
 2.682  3.172 1
 2.231  3.557 1
 3.109  5.274 1
10.123  3.186 2
 8.856  2.649 2
11.472  5.208 2
 9.085  1.700 2
 9.836  2.608 2
11.706  4.640 2
 8.523  2.023 2
12.157  5.371 2
 9.065  2.653 2
 2.016  1.857 1
 1.205  1.063 1
 3.354  5.825 1
