10.310  3.394 2
 1.077  1.807 1
 1.982  3.570 1
 9.990  4.225 2
 0.154  4.491 1
 2.075  4.500 1
 9.925  3.523 2
 1.976  4.291 1
 2.500  2.261 1
10.254  4.034 2
11.526  3.261 2
 2.592  3.022 1
10.489  2.821 2
10.488  2.689 2
 0.340  2.447 1
 0.013  2.062 1
 8.807  3.159 2
11.383  3.451 2
10.223  1.648 2
 0.686  1.492 1
 9.903  4.757 2
 9.324  2.586 2
 9.574  0.817 2
 9.898  2.169 2
 9.161  3.997 2
 8.513  2.282 2
 2.820  3.657 1
 3.694  2.977 1
 9.597  3.516 2
 0.814  4.680 1
 2.522  2.292 1
11.184  3.362 2
11.346  1.786 2
 8.892  2.516 2
12.087  1.891 2
 2.541  0.677 1
 1.191  1.934 1
11.325  2.123 2
 2.779  4.069 1
 1.572  1.582 1
10.432  2.960 2
10.629  2.141 2
12.324  1.514 2
 3.699  0.919 1
 1.074  5.431 1
 9.013  3.741 2
 9.729  3.039 2
 2.783  3.239 1
 8.753  3.510 2
 9.042  3.474 2
 2.426  2.487 1
 0.900  3.868 1
10.120  1.840 2
 2.345  3.241 1
 3.195  1.450 1
10.108  2.687 2
 1.645  2.771 1
10.076  2.623 2
-0.323  4.454 1
 2.618  2.856 1
 0.395  2.436 1
 0.934  3.466 1
 3.400  2.565 1
10.099  1.335 2
11.630  3.436 2
11.187  2.736 2
 9.675  3.541 2
 1.778  2.337 1
 2.746  3.610 1
 4.001  1.996 1
 1.197  2.021 1
 2.815  2.322 1
 0.319  2.993 1
 0.194  1.268 1
12.549  3.206 2
 1.170  3.044 1
 1.860  4.695 1
 1.203  0.994 1
12.101  4.524 2
 1.514  2.802 1
11.491  3.869 2
 2.879  2.577 1
 9.125  2.842 2
10.302  0.858 2
11.639  2.022 2
 8.910  3.490 2
10.026  2.687 2
 1.535  2.724 1
11.518  2.703 2
11.075  2.146 2
10.024  2.682 2
 2.705  2.712 1
 1.405  3.741 1
11.094  1.943 2
10.429  3.195 2
 1.376  3.407 1
10.411  2.827 2
 9.905  2.057 2
 1.057  3.400 1
 3.522  3.767 1
10.364  3.052 2
10.200  3.156 2
 1.668  1.676 1
 9.411  3.645 2
 0.163  4.122 1
 9.093  2.576 2
10.303  1.076 2
 8.924  3.082 2
 1.538  3.170 1
 8.816  2.202 2
 9.199  3.971 2
 9.043  2.669 2
 2.069  3.045 1
-0.055  4.257 1
 0.601  2.664 1
 2.531  3.330 1
 2.583  2.286 1
10.224  1.697 2
11.938  2.340 2
 2.159  2.859 1
 1.433  3.564 1
 0.922  2.964 1
 2.316  3.728 1
 3.065  3.621 1
11.120  3.726 2
 1.754  2.904 1
 9.064  2.849 2
 9.242  1.762 2
 2.245  4.576 1
 9.103  2.285 2
 9.988  3.406 2
 9.686  4.235 2
 9.744  3.488 2
12.308  5.027 2
 2.913  2.413 1
10.458  0.331 2
12.293  2.089 2
 9.337  2.156 2
 2.384  1.382 1
 0.643  2.812 1
 1.786  3.879 1
 9.363  3.798 2
 1.275  3.719 1
 9.188  4.453 2
 1.924  2.631 1
10.066  2.748 2
 1.459  4.358 1
11.522  3.512 2
 9.811  3.174 2
 2.083  1.519 1
 2.397  3.094 1
 7.548  2.871 2
 3.265  3.799 1
 8.884  2.977 2
 0.884  1.978 1
 2.487  4.296 1
10.151  3.718 2
 9.600  3.257 2
 2.137  3.498 1
-0.134  4.577 1
 2.407  1.723 1
10.784  4.334 2
 8.871  1.907 2
11.378  3.473 2
10.365  2.560 2
 1.563  3.717 1
 9.919  4.083 2
 2.045  3.702 1
10.098  0.714 2
 1.576  1.619 1
 9.406  3.631 2
 2.891  1.150 1
 1.457  3.546 1
 9.694  4.506 2
10.805  2.483 2
 1.196  3.093 1
 2.438  3.161 1
 3.059  2.532 1
 1.722  2.581 1
 2.821  3.996 1
 4.087  2.770 1
10.111  2.175 2
 1.888  4.716 1
 3.610  1.965 1
 9.068  3.713 2
 9.175  2.885 2
 0.981  4.221 1
 8.754  4.485 2
10.557  2.468 2
 2.038  4.842 1
 0.438  4.713 1
 1.002  2.374 1
 3.419  3.778 1
 1.906  2.099 1
10.857  1.623 2
 8.804  2.505 2
 1.177  3.849 1
 8.802  2.705 2
10.192  2.049 2
 1.826  4.362 1
 2.327  2.623 1
11.351  3.011 2
 9.748  2.970 2
 8.486  3.017 2
11.131  2.504 2
 1.206  3.133 1
 8.708  4.223 2
 2.351  3.119 1
 1.915  3.594 1
 9.396  1.211 2
11.851  1.587 2
 2.498  2.442 1
 1.338  3.514 1
 2.072  3.712 1
10.785  2.902 2
 9.538  3.182 2
 8.072  2.949 2
 0.689  2.996 1
 1.856  2.962 1
 1.607  2.804 1
 9.006  1.695 2
11.123  3.684 2
 0.936  2.116 1
 1.605  3.541 1
11.823  4.002 2
 3.043  3.746 1
11.013  2.860 2
 1.685  2.241 1
 2.662  4.517 1
 1.934  4.160 1
 0.502  3.943 1
 9.128  1.693 2
 9.064  2.572 2
 9.668  3.587 2
 8.691  4.058 2
 1.633  4.626 1
10.261  3.024 2
 9.958  3.558 2
 2.246  2.277 1
 7.957  3.963 2
10.178  4.932 2
 1.640  2.830 1
 2.522  3.276 1
 3.358  4.558 1
 7.918  4.888 2
 3.491  3.861 1
 9.950  3.433 2
10.441  1.423 2
 9.393  2.211 2
11.048  3.822 2
 0.494  2.693 1
 2.553  2.633 1
-0.159  3.089 1
 1.551  3.288 1
 0.538  2.973 1
 1.425  3.527 1
 3.189  2.396 1
 2.517  5.073 1
10.653  3.244 2
 1.955  3.577 1
 1.695  2.306 1
 9.821  3.486 2
 1.333  3.417 1
 1.188  2.885 1
 8.596  2.436 2
 1.054  3.644 1
 1.680  2.297 1
 3.250  2.452 1
11.176  2.438 2
 1.915  1.371 1
10.204  2.818 2
 1.804  2.011 1
11.118  2.060 2
 9.772  3.028 2
 9.893  2.428 2
 9.113  3.700 2
10.123  3.555 2
10.018  3.039 2
 9.995  2.691 2
 2.110  3.952 1
 2.266  3.731 1
 9.766  3.704 2
 3.797  2.830 1
 1.897  4.438 1
 2.767  3.396 1
10.605  1.897 2
 9.193  3.645 2
10.765  3.727 2
10.681  2.655 2
 0.192  2.163 1
 9.594  2.848 2
 2.538  1.555 1
 8.975  3.648 2
10.338  4.591 2
 3.248  2.797 1
10.232  3.878 2
 3.527  1.712 1
10.331  3.060 2
 1.918  3.209 1
10.496  2.757 2
10.406  1.791 2
 2.121  1.961 1
10.538  2.354 2
 9.091  3.889 2
-0.808  1.801 1
10.237  3.193 2
10.815  3.063 2
11.778 -0.358 2
 9.616  3.710 2
 2.305  3.327 1
 0.566  2.141 1
 2.638  3.340 1
 9.192  3.217 2
 9.247  1.839 2
11.131  4.490 2
 8.967  4.334 2
 9.209  2.242 2
 9.678  1.973 2
 9.769  1.871 2
 8.477  4.238 2
 9.768  3.047 2
 8.376  3.685 2
 7.978  2.554 2
 4.431  4.042 1
 1.165  3.057 1
 9.568  1.994 2
 2.307  4.118 1
 1.413  2.266 1
 0.585  4.871 1
 2.623  2.848 1
 0.814  1.472 1
 9.829  4.422 2
 0.010  3.898 1
10.221  1.857 2
11.282  2.231 2
 0.723  3.734 1
 2.059  3.135 1
 1.249  3.861 1
11.512  3.053 2
10.028  2.461 2
 9.717  3.395 2
 2.689  2.425 1
10.299  4.273 2
 2.366  2.488 1
 9.438  2.917 2
 9.145  0.944 2
 1.404  2.602 1
11.540  2.008 2
 0.910  4.000 1
 2.172  2.534 1
11.973  0.747 2
 1.477  3.773 1
10.435  2.933 2
 1.687  3.698 1
11.439  3.802 2
 8.657  2.606 2
 9.225  2.786 2
10.348  2.374 2
 0.962  3.160 1
10.331  2.832 2
 9.077  2.554 2
 8.135  4.812 2
 8.955  3.418 2
 2.445  3.052 1
10.467  4.148 2
 2.116  2.221 1
 2.633  4.021 1
 2.900  3.107 1
 0.844  1.139 1
10.399  4.955 2
 9.959  3.698 2
 2.138  3.739 1
10.080  1.154 2
 3.557  1.594 1
 9.743  1.956 2
 8.977  3.415 2
10.901  3.866 2
 1.723  5.325 1
 1.885  4.111 1
 8.143  4.103 2
11.735  3.187 2
 9.725  3.745 2
10.928  1.386 2
 2.414  2.155 1
10.102  1.324 2
 9.367  2.723 2
 1.573  2.425 1
 2.666  3.606 1
 7.927  2.853 2
 1.394  3.621 1
 3.215  2.957 1
 3.801  3.139 1
-0.201  3.614 1
 1.041  4.643 1
 2.274  2.170 1
 8.714  3.134 2
 2.683  3.820 1
12.554  2.707 2
 1.854  4.496 1
 2.155  2.926 1
11.075  3.105 2
 9.713  3.253 2
 3.750  2.374 1
10.635  3.354 2
 9.940  3.585 2
 9.285  3.262 2
10.382  2.724 2
 2.827  3.169 1
11.288  1.412 2
 1.078  4.087 1
10.575  2.960 2
 1.720  3.840 1
10.936  3.135 2
 3.334  4.887 1
 8.660  2.599 2
 9.702  3.314 2
 8.563  1.915 2
 2.917  3.561 1
11.620  3.763 2
 8.478  0.786 2
 1.439  3.227 1
 9.708  3.059 2
 1.529  2.293 1
 8.881  5.197 2
 2.827  4.496 1
 1.417  2.529 1
10.352  2.820 2
10.230  3.297 2
 4.705  1.894 1
 2.099  5.051 1
 1.324  3.404 1
10.929  2.678 2
 1.167  0.919 1
10.419  4.253 2
 1.693  4.693 1
10.693  1.665 2
 0.838  3.091 1
 1.519  3.511 1
10.744  4.409 2
 1.268  4.269 1
 1.928  1.597 1
10.497  3.985 2
11.718  4.486 2
 9.275  3.418 2
 9.287  3.228 2
10.075  1.755 2
 3.829  4.126 1
10.421  3.980 2
 1.470  3.131 1
11.580  1.463 2
 8.875  2.690 2
 9.376  4.641 2
 1.497  3.133 1
10.827  4.019 2
11.287  2.929 2
 1.372  3.733 1
 9.802  3.005 2
 1.283  3.583 1
 2.134  2.279 1
 9.664  2.233 2
 0.968  2.605 1
 1.131  1.779 1
 0.607  3.133 1
 3.206  2.010 1
 1.700  4.848 1
 0.356  4.667 1
 1.988  2.456 1
 0.805  3.645 1
 0.882  2.694 1
 2.103  1.982 1
 1.987  3.325 1
 8.600  0.808 2
 0.466  1.307 1
 2.100  3.682 1
10.859  2.642 2
 1.818  1.250 1
 1.285  0.412 1
 2.933  3.412 1
-0.508  6.464 1
 2.041  2.213 1
11.516  2.695 2
 1.189  2.582 1
 2.895  1.178 1
 1.629  3.842 1
 8.457  2.940 2
 2.211  1.636 1
 2.220  4.125 1
 1.482  3.286 1
 3.145  4.117 1
 2.678  4.080 1
 2.409  3.617 1
 9.488  3.248 2
11.558  2.998 2
 8.559  4.308 2
 1.673  4.818 1
 9.153  3.797 2
 1.346  4.810 1
 8.625  4.230 2
 9.136  3.564 2
 9.899  3.469 2
10.970  2.506 2
 9.826  3.442 2
11.621  3.380 2
 2.502  4.041 1
 9.438  2.759 2
 3.006  4.032 1
 0.458  3.327 1
 1.375  3.863 1
 0.595  3.084 1
 2.655  1.392 1
12.394  2.205 2
 8.153  4.104 2
 0.474  3.008 1
 8.537  2.015 2
 7.407  2.633 2
 9.243  2.432 2
 2.265  2.663 1
 8.250  3.724 2
10.176  0.574 2
10.992  2.235 2
 1.908  2.151 1
 1.132  2.903 1
 0.726  3.520 1
10.042  3.393 2
 8.809  2.922 2
10.770  3.392 2
 1.890  2.351 1
 0.605  2.787 1
12.275  2.783 2
-0.324  3.317 1
 3.255  0.493 1
 9.287  2.397 2
11.562  1.837 2
 2.016  3.689 1
 2.768  0.552 1
 0.951  3.872 1
10.524  3.341 2
 1.166  3.290 1
 2.074  3.008 1
 0.077  2.787 1
10.556  4.171 2
 0.779  2.487 1
 9.811  1.842 2
 2.985  3.412 1
 1.849  4.242 1
 2.823  3.562 1
 2.103  3.440 1
 0.804  2.069 1
10.350  3.984 2
 1.831  2.748 1
10.541  0.619 2
10.938  3.165 2
 8.691  2.843 2
 2.395  3.242 1
 8.775  3.982 2
 1.441  4.217 1
 2.331  3.453 1
11.113  3.084 2
 2.509  1.980 1
 3.627  1.991 1
 0.802  3.370 1
 2.319  2.922 1
 1.396  3.611 1
 0.445  3.237 1
 3.724  2.661 1
11.224  3.335 2
 8.775  2.651 2
11.508  5.315 2
 2.534  2.849 1
 7.732  3.062 2
 1.540  3.276 1
10.187  1.544 2
10.654  3.518 2
 4.221  2.012 1
 1.803  2.500 1
11.560  6.069 2
10.470  1.971 2
 8.005  3.724 2
 8.628  4.634 2
 1.646  3.306 1
 9.354  2.440 2
 0.521  2.554 1
 1.399  3.211 1
 9.590  3.387 2
 3.645  2.154 1
 9.440  3.544 2
10.531  1.644 2
10.665  3.631 2
10.076  3.156 2
 1.389  2.116 1
11.123  3.250 2
 1.355  2.308 1
 1.457  3.700 1
11.123  3.179 2
 9.994  2.860 2
-0.747  3.765 1
 1.433  3.780 1
 9.980  2.339 2
 1.113  3.378 1
 1.469  2.815 1
12.193  4.229 2
 1.834  4.732 1
 1.755  1.941 1
 9.760  2.285 2
10.413  3.345 2
 9.720  2.967 2
 9.911  1.177 2
 1.164  3.310 1
10.279  3.654 2
 0.386  4.673 1
 2.913  1.908 1
 2.774  1.747 1
 1.877  2.946 1
 3.275  2.840 1
11.544  1.994 2
10.888  3.540 2
11.531  2.928 2
 4.601  1.167 1
 2.160  3.552 1
 1.273  4.777 1
 9.638  2.747 2
 2.951  3.713 1
 2.343  3.640 1
10.194  3.367 2
 9.740  2.101 2
 9.831  2.641 2
 1.996  5.401 1
 7.869  2.914 2
 3.007  1.637 1
 8.882  3.830 2
 2.681  3.343 1
 1.606  2.681 1
 2.117  1.806 1
 2.900  3.081 1
 8.460  4.774 2
 0.788  2.841 1
10.200  4.060 2
 0.519  2.341 1
 1.040  1.278 1
10.134  4.889 2
 2.283  4.113 1
 1.437  3.911 1
 9.626  4.036 2
10.857  3.033 2
 1.248  1.568 1
 3.786  2.920 1
 3.230  1.640 1
10.657  2.118 2
 9.909  2.988 2
10.051  1.851 2
 9.500  1.254 2
 1.077  4.181 1
 1.280  3.135 1
 1.745  3.830 1
11.511  0.617 2
12.156  2.600 2
 1.322  2.652 1
 1.281  1.133 1
 2.058  2.025 1
 0.173  2.130 1
 1.617  3.472 1
 2.306  3.288 1
 2.341  3.221 1
10.982  2.312 2
10.503  2.064 2
 2.679  3.696 1
10.605  3.383 2
 2.030  3.516 1
 3.086  2.583 1
10.878  2.048 2
 3.010  3.324 1
 2.308  2.431 1
11.361  2.640 2
 2.720  4.627 1
 9.695  3.004 2
 1.202  2.252 1
 1.175  5.681 1
11.817  2.603 2
 4.190  2.556 1
 0.783  2.860 1
 8.479  2.841 2
10.398  1.749 2
10.062  2.085 2
 9.646  1.922 2
 3.032  2.325 1
 9.719  3.537 2
10.091  1.482 2
10.562  3.374 2
 2.795  2.021 1
 9.907  2.388 2
10.659  2.404 2
 3.459  3.506 1
11.776  1.742 2
11.244  2.331 2
 2.650  3.345 1
 1.703  3.258 1
11.490  3.134 2
 9.343  2.628 2
 1.172  3.350 1
 1.546  1.346 1
10.218  2.890 2
 2.019  3.569 1
 2.595  3.626 1
 9.862  1.206 2
 0.712  3.987 1
 1.731  2.618 1
 1.950  3.881 1
 2.076  4.410 1
 9.936  3.074 2
11.134  2.648 2
 2.238  2.131 1
 9.569  3.515 2
 2.971  4.072 1
 2.956  3.357 1
10.030  2.662 2
 9.002  4.063 2
 9.412  1.518 2
 2.595  3.422 1
10.997  1.633 2
 2.468  2.269 1
 2.058  2.719 1
 2.040  1.173 1
 8.791  3.010 2
10.160  3.565 2
10.211  2.302 2
 1.897  3.352 1
 2.256  3.326 1
 9.617  1.696 2
10.567  2.665 2
 1.626  3.813 1
 9.943  3.008 2
 1.661  4.010 1
10.837  2.797 2
 1.495  4.642 1
 2.629  4.516 1
10.716  3.505 2
11.610  3.870 2
 3.291  3.585 1
11.362  2.172 2
 1.247  2.968 1
 1.688  3.066 1
 3.805  2.654 1
11.119  3.881 2
 2.968  2.352 1
 7.534  2.150 2
 1.202  2.796 1
 2.248  4.081 1
 1.789  3.797 1
11.707  3.167 2
 0.008  3.731 1
 7.884  4.496 2
 8.812  3.092 2
 1.759  4.014 1
10.330  3.839 2
 9.736  2.327 2
 2.547  1.654 1
11.217  3.782 2
 2.220  1.360 1
 1.131  3.477 1
10.886  2.102 2
 1.705  3.004 1
10.792  1.441 2
 1.203  0.931 1
 9.936  1.574 2
 2.311  2.723 1
 8.552  3.914 2
 1.178  2.310 1
10.574  3.194 2
 1.787  2.364 1
 1.502  2.856 1
 9.513  1.815 2
10.319  4.636 2
10.233  2.652 2
 8.629  3.463 2
 2.615  3.884 1
10.956  1.335 2
 1.340  4.172 1
11.635  4.355 2
 1.849  3.363 1
 9.894  3.642 2
11.935  3.190 2
 1.036  3.341 1
11.785  3.144 2
 3.293  3.170 1
 2.141  1.121 1
11.321  2.802 2
 3.056  2.178 1
 1.547  5.778 1
 1.906  3.560 1
 1.397  2.030 1
10.170  1.316 2
 3.340  4.543 1
 0.921  3.085 1
11.315  3.581 2
 2.595  2.931 1
10.767  3.325 2
 2.671  2.611 1
 9.920  4.012 2
10.019  4.565 2
 9.869  3.318 2
 1.609  2.013 1
 1.722  2.538 1
11.424  3.121 2
 9.299  3.546 2
 0.581  3.931 1
12.330  0.318 2
10.634  3.284 2
 1.926  3.016 1
 3.457  3.886 1
10.754  2.384 2
 8.625  3.945 2
 9.361  3.052 2
 0.863  1.539 1
 9.411  1.867 2
10.103  2.394 2
 2.103  3.430 1
-0.146  2.276 1
 0.940  3.855 1
 2.338  2.999 1
 9.463  2.840 2
 2.836  3.116 1
 9.767  4.364 2
 3.468  2.479 1
 1.696  2.745 1
11.293  3.218 2
 8.878  3.685 2
 8.405  4.560 2
10.336  3.400 2
 1.207  3.928 1
 2.929  4.015 1
 2.537  2.438 1
10.317  3.038 2
11.983  3.768 2
 9.093  2.044 2
10.268  2.894 2
 0.189  2.727 1
 2.053  2.458 1
 9.983  3.298 2
 2.732  2.755 1
10.185  3.411 2
10.896  1.809 2
 1.698  2.434 1
13.549  3.378 2
 0.437  1.963 1
10.272  4.211 2
 8.272  3.024 2
 2.465  1.371 1
 1.650  3.722 1
 8.979  2.792 2
 2.019  2.348 1
 2.283  4.119 1
-0.119  3.503 1
 3.638  4.331 1
 1.402  2.693 1
10.621  0.555 2
 0.095  3.614 1
 3.205  1.984 1
 7.802  2.397 2
 1.463  4.285 1
 1.387  1.992 1
 9.448  5.159 2
 2.007  3.995 1
 0.893  4.652 1
 2.024  3.451 1
11.701  2.725 2
 0.523  2.231 1
 3.260  1.698 1
 9.833  4.138 2
10.814  2.842 2
 1.835  1.690 1
 0.589  3.534 1
 2.929  5.375 1
10.186  1.895 2
 1.730  3.933 1
11.740  3.582 2
 2.054  3.895 1
 8.898  3.006 2
 1.416  2.503 1
 9.192  1.734 2
 0.836  1.705 1
 9.338  2.236 2
 0.670  1.876 1
11.015  2.799 2
 0.996  4.456 1
11.220  5.100 2
 8.264  3.214 2
 2.464  3.682 1
 4.697  4.774 1
 1.273  2.463 1
 1.650  2.745 1
 8.117  3.871 2
 9.094  2.813 2
 9.123  2.659 2
10.866  5.462 2
 9.287  3.556 2
 9.438  2.563 2
 1.390  3.075 1
10.853  3.950 2
10.024  1.180 2
-0.132  1.809 1
 8.798  3.543 2
 1.020  0.762 1
 2.765  4.185 1
 8.552  4.302 2
 3.454  3.163 1
 2.989  3.454 1
 1.068  1.452 1
 9.688  3.138 2
11.542  4.066 2
11.189  1.343 2
 7.350  2.860 2
11.375  5.061 2
 0.890  2.814 1
10.280  2.587 2
 1.777  0.953 1
10.788  3.409 2
 2.596  3.186 1
 1.794  3.316 1
10.010  3.266 2
 7.735  1.731 2
10.511  4.347 2
 0.713  3.495 1
 9.486  4.697 2
 1.087  1.894 1
 3.600  2.948 1
11.476  2.540 2
10.229  4.314 2
 1.466  4.261 1
10.071  4.672 2
 9.760  3.667 2
 0.985  3.551 1
 2.134  2.671 1
 3.192  2.127 1
10.739  4.437 2
 4.066  5.350 1
 1.324  1.287 1
 9.080  3.156 2
 0.844  2.586 1
 2.677  3.352 1
 8.836  2.153 2
10.509  2.158 2
 1.462  2.860 1
 9.092  2.995 2
 2.661  1.596 1
11.016  1.455 2
 8.039  1.413 2
11.660  4.170 2
11.705  5.244 2
 1.170  3.567 1
10.790  2.831 2
10.592  2.287 2
11.813  3.736 2
 0.799  3.638 1
 7.805  2.427 2
10.885  3.562 2
 2.903  4.876 1
 2.114  1.896 1
 2.754  3.692 1
10.375  3.402 2
 0.452  3.830 1
10.464  3.123 2
10.220  3.118 2
 2.187  3.253 1
11.178  3.783 2
 3.577  0.911 1
10.591  2.183 2
 0.917  4.175 1
 9.812  3.871 2
 2.951  3.906 1
 9.060  2.759 2
 1.604  3.505 1
10.844  1.753 2
 1.992  4.588 1
 4.142  3.003 1
 1.208  3.754 1
11.158  1.562 2
 9.056  1.658 2
10.408  1.640 2
11.391  1.120 2
11.628  2.012 2
 2.102  1.782 1
 3.185  1.718 1
 1.923  2.748 1
 8.266  2.774 2
 2.097  3.198 1
 0.233  3.784 1
 8.782  2.173 2
10.174  2.937 2
 9.029  3.752 2
 9.573  2.589 2
10.120  2.957 2
 9.812  2.239 2
10.368  4.171 2
 2.186  2.555 1
 2.345  4.202 1
 2.832  2.325 1
 0.896  2.277 1
 2.288  4.370 1
 2.765  2.718 1
 1.720  2.267 1
10.853  1.343 2
 4.315  3.948 1
 3.755  0.727 1
 2.684  3.488 1
 9.718  2.032 2
 9.714  1.975 2
 4.437  3.957 1
 9.325  2.239 2
 8.812  2.375 2
10.871  2.046 2
 3.470  2.717 1
 9.405  2.984 2
 3.315  2.391 1
 1.257  3.453 1
10.719  1.100 2
 2.290  2.778 1
 0.704  3.641 1
10.942  1.970 2
 9.515  3.584 2
 3.469  2.464 1
 9.418  2.294 2
 9.887  2.719 2
 0.382  4.107 1
10.350  2.640 2
10.677  2.195 2
 9.482  2.724 2
 1.498  2.961 1
 9.669  3.335 2
10.322  3.987 2
10.355  2.624 2
 1.615  2.455 1
 3.514  2.869 1
 9.147  3.893 2
 1.237  0.508 1
11.513  4.029 2
10.452  1.009 2
 1.851  2.305 1
10.071  2.575 2
 8.904  1.948 2
 1.519  2.587 1
 2.594  2.656 1
10.626  3.656 2
11.550  3.063 2
 7.232  2.429 2
 9.520  3.892 2
 8.243  3.672 2
 9.173  3.636 2
10.642  0.601 2
 0.733  2.375 1
10.339  2.704 2
 1.786  3.294 1
 9.015  2.001 2
10.091  3.281 2
 9.047  2.135 2
 1.831  2.512 1
 1.961  2.858 1
 2.196  3.590 1
 0.561  1.403 1
 7.827  2.901 2
 3.226  3.897 1
10.668  1.069 2
 2.300  3.507 1
 1.534  4.090 1
10.959  1.067 2
11.279  1.656 2
 9.099  4.625 2
11.266  2.332 2
11.060  1.874 2
 9.846  3.846 2
 3.291  5.076 1
10.787  3.439 2
 9.187  2.788 2
10.393  2.947 2
 9.329  4.162 2
 2.416  3.569 1
 3.689  1.448 1
 8.283  2.014 2
 9.239  2.655 2
11.764  3.158 2
 9.348  2.714 2
 8.997  1.013 2
 8.957  3.762 2
 0.900  3.089 1
 1.851  3.951 1
 1.068  3.697 1
 0.272  3.251 1
 1.717  4.133 1
 2.840  2.328 1
 0.538  3.539 1
10.550  3.390 2
10.357  3.332 2
 2.196  3.490 1
 0.995  2.122 1
 2.559  4.809 1
 1.558  1.335 1
11.309  4.070 2
11.072  4.115 2
 1.650  1.612 1
 9.708  2.513 2
11.179  1.987 2
10.485  1.988 2
 2.650  3.356 1
 9.477  3.780 2
 1.729  2.191 1
 9.985  3.378 2
 2.278  3.833 1
11.518  4.746 2
 0.231  3.527 1
 9.329  4.012 2
 4.402  4.294 1
 9.347  4.923 2
 1.913  3.385 1
11.040  2.723 2
 2.521  3.113 1
 2.364  3.317 1
 8.779  3.818 2
 2.031  4.730 1
 3.575  2.425 1
 1.710  2.495 1
 2.454  0.225 1
 1.169  2.641 1
 0.397  2.800 1
 4.176  0.592 1
 9.724  2.137 2
 2.881  2.339 1
 1.991  3.494 1
 9.916  3.847 2
 9.592  3.682 2
 9.664  3.701 2
11.175  4.427 2
 0.981  2.747 1
-0.512  3.860 1
 9.653  4.037 2
10.903  2.632 2
10.919  3.619 2
 9.826  2.184 2
 8.578  3.461 2
 9.463  2.937 2
 3.257  4.695 1
 9.911  2.124 2
 9.426  2.993 2
 1.227  2.624 1
 2.308  3.087 1
 2.697  2.755 1
 2.949  2.492 1
 9.327  2.635 2
 3.074  4.160 1
10.174  3.862 2
 1.332  3.058 1
 1.263  4.006 1
 1.896  2.335 1
 4.027  1.422 1
 9.041  2.322 2
 2.641  3.047 1
 2.568  3.728 1
 2.439  4.336 1
 0.525  5.864 1
 3.658  2.859 1
 9.237  4.140 2
 3.404  3.709 1
 7.284  2.032 2
 2.911  3.564 1
10.669  2.659 2
11.782  2.634 2
 9.674  4.121 2
10.018  1.928 2
10.358  2.747 2
 1.923  3.520 1
 9.338  2.682 2
 9.021  5.059 2
 2.782  2.300 1
10.739  3.018 2
 1.649  3.402 1
 9.058  2.991 2
 1.659  4.199 1
 1.394  2.632 1
12.477  3.361 2
10.269  1.995 2
10.697  3.159 2
10.003  3.774 2
11.135  3.091 2
11.161  1.727 2
 0.370  3.386 1
10.418  1.513 2
 2.237  2.912 1
10.684  2.420 2
10.805  5.380 2
11.944  2.023 2
 9.693  3.638 2
 3.013  4.619 1
 1.265  3.377 1
 2.193  3.793 1
10.287  4.092 2
10.635  1.495 2
 9.890  3.465 2
 2.795  3.632 1
 0.674  3.672 1
 4.403  2.898 1
 8.149  2.082 2
 1.798  2.925 1
 8.627  1.975 2
 2.212  4.738 1
11.144  2.725 2
 1.306  1.949 1
 9.320  2.691 2
10.175  4.142 2
 9.469  2.881 2
 9.963  4.091 2
10.505  1.547 2
10.158  2.180 2
 9.194  2.476 2
11.162  3.545 2
 0.764  2.434 1
 1.054  3.651 1
11.264  4.013 2
 3.313  2.189 1
 8.976  2.031 2
10.758  2.463 2
 9.779  1.173 2
 9.666  4.166 2
 1.524  3.351 1
 3.172  1.704 1
10.510  2.727 2
11.150  2.292 2
 9.980  3.613 2
 2.543  4.119 1
 3.305  3.381 1
 9.260  5.263 2
 8.451  2.817 2
10.865  4.796 2
 1.893  0.172 1
 0.472  5.112 1
 2.076  1.510 1
 9.756  2.332 2
 0.775  2.988 1
 8.841  3.895 2
11.435  3.100 2
 4.536  3.358 1
 9.923  4.546 2
 9.905  3.003 2
 2.452  3.159 1
 1.490  2.067 1
 7.701  2.476 2
 8.794  1.933 2
 1.469  3.148 1
 2.527  3.190 1
11.712  1.952 2
 2.633  2.591 1
 9.568  3.278 2
10.044  2.537 2
 3.040  1.829 1
 9.706  1.562 2
 3.392  4.022 1
 8.287  3.529 2
 9.373  3.195 2
 3.802  0.993 1
10.156  3.012 2
 1.440  2.214 1
 1.955  3.090 1
 1.808  2.849 1
 1.395  2.486 1
 1.824  2.805 1
11.759  2.646 2
 2.831  3.338 1
10.590  3.082 2
 2.826  3.515 1
 1.808  2.627 1
 9.580  2.108 2
 9.125  3.183 2
 2.558  3.477 1
 9.520  4.030 2
 1.349  2.294 1
 7.474  3.621 2
 1.109  2.817 1
 0.942  4.575 1
 1.722  2.531 1
 0.125  3.659 1
12.568  3.294 2
 8.299  2.440 2
 2.917  3.081 1
11.329  0.681 2
10.128  3.522 2
 2.400  4.144 1
 9.139  3.601 2
10.597  3.213 2
 9.754  3.649 2
 8.949  3.239 2
10.074  0.819 2
 0.842  2.762 1
 3.614  1.239 1
 9.773  1.572 2
 3.106  3.310 1
 1.634  1.461 1
11.779  1.826 2
 4.429  0.363 1
10.078  1.937 2
 1.921  3.474 1
 2.943  0.582 1
 2.460  4.366 1
 9.194  2.667 2
 2.099  1.445 1
 0.276  2.294 1
 0.404  2.231 1
 9.151  2.237 2
 2.063  1.071 1
 9.947  3.450 2
10.577  2.341 2
11.542  3.305 2
 1.196  3.313 1
-0.011  2.131 1
 4.641  3.980 1
10.809  2.268 2
 1.436  3.816 1
10.640  5.194 2
 9.130  3.994 2
 2.480  4.603 1
 0.258  1.865 1
-0.688  2.598 1
 9.888  2.203 2
 1.382  3.438 1
11.887  3.883 2
 9.311  3.835 2
 0.227  4.627 1
 9.528  2.998 2
 3.057  4.202 1
11.160  2.755 2
12.298  3.687 2
10.613  2.710 2
 0.792  3.039 1
 2.948  3.175 1
 2.656  1.483 1
10.876  3.014 2
 9.114  1.480 2
 9.505  2.796 2
10.274  2.406 2
 1.792  2.960 1
10.766  6.050 2
 1.706  2.553 1
-0.421  4.513 1
 9.890  2.630 2
 1.449  2.297 1
 8.580  1.552 2
11.434  2.453 2
 9.770  2.801 2
 0.832  3.144 1
 1.969  3.411 1
 2.346  1.338 1
11.163  2.685 2
 2.767  1.887 1
10.161  3.672 2
 1.596  4.329 1
 9.262  0.937 2
 1.530  1.028 1
 9.811  5.685 2
 3.002  4.263 1
 1.673  3.066 1
 3.323  5.422 1
 2.371  3.209 1
10.595  2.491 2
 2.857  3.792 1
10.400  2.858 2
10.424  3.744 2
 9.884  2.829 2
 2.144  2.190 1
 1.624  4.095 1
 9.478  4.308 2
 9.990  3.048 2
 3.552  3.834 1
11.931  2.598 2
 1.383  4.728 1
 8.957  2.876 2
 0.925  3.866 1
 1.838  2.963 1
 1.270  4.275 1
 9.473  1.721 2
11.148  0.558 2
 4.065  2.678 1
 4.223  4.116 1
11.225  2.002 2
 2.199  5.347 1
 2.166  3.865 1
 9.103  3.849 2
11.200  2.133 2
 0.463  4.722 1
10.169  3.092 2
 9.529  2.988 2
 3.299  3.771 1
10.188  2.418 2
 9.664  3.073 2
10.317  3.685 2
10.159  4.887 2
 9.195  1.995 2
 0.085  3.605 1
 9.598  4.802 2
 3.004  3.636 1
10.732  3.657 2
10.733  1.969 2
12.281  1.337 2
 0.656  3.191 1
10.165  4.051 2
 1.918  2.566 1
10.866  3.183 2
 2.448  3.853 1
 8.180  2.979 2
 1.021  3.126 1
 2.536  1.405 1
 0.715  2.801 1
 1.799  3.694 1
 2.092  1.620 1
11.731  3.442 2
 1.894  2.113 1
 1.123  2.870 1
 1.687  3.901 1
 3.257  2.708 1
-0.368  1.980 1
 9.091  4.180 2
 7.781  1.491 2
 8.374  2.501 2
 0.693  3.289 1
10.200  4.807 2
 2.783  4.333 1
 0.784  3.232 1
10.185  2.516 2
 8.946  1.175 2
12.022  3.129 2
10.092  4.520 2
 9.776  1.978 2
 3.029  3.197 1
 2.471  3.184 1
 9.419  4.238 2
 2.456  2.479 1
11.221  3.534 2
 8.786  2.248 2
 2.064  1.837 1
 2.905  2.438 1
 8.501  3.673 2
10.669  3.066 2
10.919  1.731 2
10.207  2.864 2
 1.917  3.730 1
 8.709  4.975 2
10.684  2.783 2
-0.079  3.002 1
 9.415  2.257 2
 2.242  3.549 1
 1.436  4.748 1
 1.331  1.960 1
10.380  3.265 2
 0.506  3.029 1
 9.945  3.509 2
 2.452  3.930 1
 7.574  1.789 2
 9.132  2.211 2
 3.178  3.393 1
 1.355  4.541 1
 2.565  2.792 1
11.392  3.497 2
10.988  3.530 2
 9.473  2.880 2
 0.780  3.230 1
 1.845  2.715 1
11.343  1.661 2
 1.157  3.794 1
 2.534  2.043 1
 3.320  3.869 1
10.275  1.973 2
 0.226  3.195 1
11.878  2.200 2
 1.567  4.564 1
 9.716  2.775 2
 1.620  4.707 1
11.197  2.975 2
10.340  3.320 2
10.599  3.932 2
 8.537  5.089 2
 8.719  1.971 2
 2.116  3.648 1
 9.181  1.889 2
10.200  1.817 2
 1.552  2.594 1
11.796  2.794 2
 1.946  3.947 1
 9.359  1.917 2
 1.526  1.823 1
10.746  4.251 2
10.521  2.733 2
 2.831  1.506 1
 3.363  3.158 1
 7.215  2.829 2
 2.683  4.181 1
11.416  1.232 2
 0.036  4.507 1
12.890  1.838 2
 1.928  2.992 1
 9.296  3.990 2
10.971  3.557 2
11.488  3.914 2
 1.574  4.152 1
 8.991  3.211 2
11.797  3.109 2
 2.504  2.368 1
 1.610  3.237 1
 1.958  2.481 1
10.599  2.779 2
 1.331  4.302 1
11.278  2.912 2
 1.818  1.030 1
11.337  2.827 2
 2.910  3.206 1
 1.160  2.452 1
10.361  2.358 2
10.193  4.638 2
10.379  3.962 2
11.354  2.204 2
10.159  2.351 2
10.751  3.033 2
 0.872  2.012 1
10.049  4.566 2
10.625  3.316 2
11.333  2.979 2
10.543  3.247 2
 8.106  3.900 2
10.275  2.927 2
 1.931  2.531 1
 8.669  2.851 2
-0.287  2.442 1
 2.293  3.831 1
10.923  2.751 2
11.465  2.862 2
 9.751  3.278 2
12.732  2.757 2
 4.596  0.766 1
 9.226  4.063 2
 1.729  2.981 1
 9.619  3.610 2
 3.309  2.407 1
 2.308  3.825 1
 1.678  1.878 1
 1.289  3.673 1
 2.175  3.201 1
 9.065  3.571 2
11.545  3.532 2
 3.104  1.943 1
 1.427  4.105 1
 9.551  1.282 2
 2.490  2.498 1
 9.732  4.523 2
 2.611  2.866 1
11.202  2.239 2
 1.106  2.223 1
 1.712  3.106 1
10.099  3.248 2
10.205  0.904 2
10.159  2.765 2
 0.409  3.061 1
 3.460  3.385 1
 2.370  1.635 1
 9.918  2.379 2
 1.166  3.275 1
11.424  3.298 2
 1.465  2.850 1
 9.192  2.646 2
 1.526  2.768 1
 2.517  3.630 1
 8.468  3.940 2
 9.662  3.350 2
 1.904  3.735 1
11.123  3.179 2
 9.555  2.226 2
 0.466  3.583 1
 9.710  4.884 2
 2.705  3.840 1
10.554  2.683 2
 8.605  3.703 2
 0.700  3.547 1
-0.092  2.658 1
-0.561  2.382 1
10.012  2.156 2
10.568  2.652 2
 1.367  2.874 1
 2.510  2.179 1
 1.050  2.774 1
 2.160  3.544 1
 9.947  2.802 2
10.121  1.616 2
10.106  4.524 2
 2.943  4.505 1
 3.344  3.450 1
 1.799  3.699 1
 2.064  2.612 1
 3.669  3.452 1
 3.485  2.911 1
 0.313  2.878 1
 0.456  5.141 1
10.514  5.075 2
 9.995  4.930 2
 9.524  4.904 2
 3.825  2.631 1
 1.897  2.210 1
 9.560  5.022 2
13.423  4.132 2
 3.771  4.330 1
 1.221  1.917 1
10.209  2.775 2
 1.474  0.569 1
 1.855  1.634 1
 8.739  3.325 2
 9.041  3.342 2
 9.065  2.898 2
 9.705  1.532 2
11.193  4.273 2
 9.742  3.687 2
 2.454  3.337 1
 2.603  2.209 1
 1.839  4.185 1
 1.843  3.239 1
 3.205  1.553 1
12.409  2.920 2
 0.073  3.776 1
 9.510  3.196 2
 9.132  1.809 2
 0.678  2.828 1
10.742  3.872 2
 2.623  3.679 1
10.693  0.756 2
10.091  3.493 2
10.590  2.680 2
 2.862  3.868 1
 2.010  4.275 1
 1.580  2.595 1
 1.501  2.153 1
 2.674  4.651 1
10.388  0.737 2
 9.797  2.648 2
11.330  2.391 2
11.029  4.301 2
 9.666  3.451 2
10.200  2.983 2
10.002  3.012 2
10.910  1.874 2
 1.367  2.750 1
 9.602  2.688 2
 2.771  2.817 1
 1.322  5.161 1
11.368  1.499 2
10.076  3.316 2
 9.565  1.945 2
 9.672  2.840 2
 9.247  1.419 2
 0.265  2.257 1
 9.159  2.680 2
 2.981  3.293 1
 3.525  1.857 1
12.389  4.186 2
 9.656  3.018 2
 1.175  2.709 1
 9.407  3.275 2
 1.731  3.343 1
 2.555  1.507 1
 3.156  3.651 1
 3.952  3.931 1
10.165  2.774 2
 2.062  2.803 1
-1.196  4.361 1
 8.918  4.425 2
 2.544  4.356 1
 9.692  2.952 2
 9.670  4.007 2
 2.262  2.685 1
 1.787  2.083 1
 1.723  0.247 1
 1.432  3.318 1
 1.758  3.056 1
 9.163  3.778 2
 9.984  2.670 2
 2.014  2.274 1
 9.091  4.643 2
 0.190  2.112 1
11.251  2.382 2
-0.518  2.017 1
 1.745  2.462 1
11.618  4.125 2
 1.095  1.183 1
 8.649  2.931 2
 9.360  4.929 2
10.483  3.322 2
 1.585  3.569 1
10.671  1.575 2
 1.611  4.264 1
 2.182  3.270 1
 0.790  4.297 1
 2.593  2.428 1
10.186  3.540 2
 0.618  3.945 1
 2.880  2.331 1
 9.757  2.401 2
 2.340  0.952 1
 8.782  2.701 2
 9.897  1.230 2
 9.309  3.555 2
 1.837  1.304 1
 8.785  3.102 2
10.167  3.854 2
 1.188  3.661 1
 2.853  2.847 1
10.659  2.082 2
 2.257  2.927 1
 9.899  1.616 2
 8.672  3.958 2
 2.620  2.782 1
10.377  3.048 2
 2.108  3.929 1
 9.468  1.037 2
11.672  3.042 2
 9.396  1.691 2
 1.937  2.750 1
 0.122  2.753 1
 2.203  5.740 1
 2.272  2.729 1
10.495  3.604 2
 8.603  2.649 2
 1.859  1.730 1
 1.884  2.396 1
 0.433  2.013 1
 3.628  3.071 1
 2.647  1.856 1
 3.173  3.743 1
 2.308  2.012 1
 1.564  2.676 1
11.663  2.565 2
 9.783  4.324 2
 0.105  2.603 1
10.071  4.293 2
 1.518  3.217 1
 8.951  2.109 2
11.487  3.983 2
 3.937  2.822 1
 0.659  3.407 1
 9.562  1.603 2
 9.267  4.530 2
10.826  2.136 2
 8.088  3.170 2
 9.751  4.122 2
 2.023  3.172 1
 3.364  1.051 1
 1.532  3.947 1
 9.755  2.478 2
 2.241  3.210 1
 2.419  2.958 1
 8.814  2.880 2
11.201  3.640 2
12.542  3.895 2
 9.437  2.848 2
 9.877  1.760 2
 3.000  3.129 1
-0.681  2.200 1
10.339  3.224 2
 2.550  3.146 1
10.592  2.115 2
10.572  2.885 2
 1.595  4.036 1
11.182  2.729 2
10.385  3.865 2
 2.510  2.647 1
 9.214  5.113 2
 1.820  3.270 1
 1.696  0.514 1
 9.218  3.520 2
 0.311  3.197 1
 9.439  3.191 2
 8.780  4.601 2
11.289  3.777 2
10.724  4.177 2
12.715  2.714 2
 2.355  3.544 1
10.163  3.811 2
 0.845  1.724 1
 3.597  0.602 1
10.055  4.745 2
10.019  2.700 2
 9.483  1.407 2
10.096  0.568 2
 2.290  4.200 1
10.465  2.950 2
10.060  4.745 2
 2.387  4.481 1
 1.621  2.290 1
 8.608  2.071 2
 2.466  2.154 1
 0.031  2.524 1
 3.844  4.192 1
10.395  2.383 2
 2.993  2.336 1
11.801  3.201 2
 2.786  2.970 1
10.330  2.640 2
 1.812  3.491 1
 9.888  3.695 2
 2.349  2.699 1
 1.174  2.953 1
10.424  4.153 2
10.493  3.483 2
 0.314  3.877 1
11.456  4.189 2
12.170  4.114 2
 2.457  2.647 1
 8.250  4.067 2
 8.556  4.098 2
 8.592  1.486 2
 9.551  3.560 2
 1.361  4.526 1
 9.055  2.786 2
 3.499  3.500 1
10.794  2.631 2
 9.123  3.765 2
 2.454  2.357 1
 1.325  2.608 1
10.015  2.451 2
 9.900  4.279 2
10.563  1.679 2
 2.642  4.716 1
 2.090  2.972 1
10.415  4.490 2
10.811  3.157 2
11.642  3.614 2
 8.851  3.871 2
 1.474  2.313 1
 9.695  2.929 2
10.154  2.990 2
 2.121  4.060 1
 1.978  3.235 1
 2.886  3.491 1
 2.599  2.954 1
 9.658  2.179 2
 2.511  2.063 1
 3.099  2.787 1
 2.155  1.457 1
10.901  2.590 2
 1.692  2.004 1
10.796  2.388 2
10.428  3.188 2
 9.543  2.318 2
 2.071  3.345 1
 1.980  2.800 1
 9.434  2.480 2
 2.304  2.097 1
 8.873  5.138 2
 2.390  2.716 1
 0.835  1.542 1
 0.934  3.926 1
 1.094  1.366 1
 9.952  3.843 2
 1.417  2.485 1
 2.536  3.823 1
 9.979  2.625 2
 2.243  3.599 1
 1.130  4.313 1
 3.327  2.610 1
 9.320  3.922 2
 9.749  3.650 2
 9.102  2.864 2
 2.371  3.761 1
 2.291  2.216 1
 2.372  3.101 1
 0.819  5.079 1
 2.550  2.342 1
 2.086  2.388 1
10.520  2.541 2
 9.780  2.615 2
 8.620  3.489 2
10.054  0.275 2
 9.119  1.616 2
10.677  1.848 2
 9.117  2.031 2
 2.009  1.264 1
 1.601  1.488 1
 4.761  3.603 1
11.564  3.221 2
11.049  3.176 2
10.728  2.934 2
 8.474  2.056 2
 3.195  1.415 1
 1.170  3.470 1
11.117  1.980 2
11.245  2.859 2
12.724  1.924 2
11.515  3.663 2
 9.643  2.546 2
 1.031  2.005 1
 2.046  2.965 1
10.061  3.716 2
 1.590  4.417 1
10.957  3.557 2
 9.430  3.938 2
 1.330  0.600 1
 0.523  3.582 1
10.255  1.161 2
 2.840  3.755 1
 0.973  4.148 1
 1.343  3.142 1
 2.234  2.683 1
10.450  5.827 2
 9.717  2.834 2
11.571  1.819 2
12.408  1.515 2
11.398  1.946 2
 2.012  4.704 1
10.654  1.113 2
 1.091  2.515 1
10.532  2.499 2
 2.171  2.761 1
 1.977  1.499 1
10.651  1.708 2
 2.134  2.829 1
 3.372  1.794 1
 9.928  1.915 2
 2.876  2.955 1
 9.263  4.124 2
 1.681  2.077 1
10.583  2.744 2
 2.116  2.654 1
 2.443  4.367 1
 2.369  3.344 1
 0.580  2.335 1
10.360  3.491 2
 2.433  4.259 1
 2.508  2.572 1
 2.371  4.343 1
10.354  3.979 2
 9.303  3.494 2
 1.964  1.725 1
 9.342  1.552 2
 3.030  2.384 1
 1.592  3.203 1
 0.536  3.317 1
 2.574  2.781 1
 1.734  3.181 1
11.303  3.646 2
 0.669  4.476 1
10.556  2.028 2
 3.484  4.601 1
10.911  1.317 2
-0.149  2.976 1
 2.097  3.122 1
 1.994  3.048 1
 1.510  3.821 1
10.549  2.872 2
 0.266  1.607 1
 2.556  3.851 1
 8.967  0.830 2
 9.251  3.459 2
 2.062  3.953 1
10.226  3.231 2
 2.478  4.572 1
10.409  2.184 2
 2.350  4.961 1
10.021  2.975 2
 2.802  3.182 1
 1.902  1.014 1
 9.914  3.880 2
 9.969  2.805 2
 0.403  3.108 1
 1.446  2.715 1
 1.475  1.909 1
11.354  2.366 2
10.636  1.959 2
 1.929  2.012 1
11.837  4.289 2
 1.206  4.134 1
 0.108  4.556 1
 2.017  2.135 1
 2.764  3.263 1
 0.919  2.947 1
 3.679  1.820 1
 3.561  3.073 1
11.424  3.633 2
 1.597  2.450 1
 9.650  2.289 2
 8.471  2.868 2
 1.892  3.879 1
 1.374  2.881 1
 2.280  3.636 1
 3.485  2.435 1
 2.120  2.061 1
 1.954 -0.278 1
 2.845  3.854 1
 9.605  4.189 2
 9.310  2.441 2
10.417  2.756 2
10.915  2.544 2
 2.250  3.915 1
10.352  1.589 2
 1.486  3.641 1
 7.574  0.631 2
 3.329  2.749 1
 1.724  2.542 1
 1.171  3.957 1
 3.097  3.978 1
 1.349  1.386 1
 9.562  2.820 2
