 2.583  3.183 1
11.097  3.411 2
11.921  4.543 2
11.205  4.960 2
 2.544  2.303 1
 3.114  3.487 1
 2.205  3.291 1
 9.877  2.175 2
 2.716  2.914 1
 7.917  1.266 2
 1.551  4.651 1
 4.227 -0.229 1
 2.309  0.802 1
 8.910  2.853 2
 2.087  3.619 1
10.805  3.818 2
 7.105  1.330 2
 9.742  2.340 2
 8.995  1.463 2
 2.191  3.098 1
11.749  3.846 2
 0.841  5.167 1
 2.261  1.931 1
 1.519  3.144 1
 9.315  2.409 2
 3.136  1.414 1
 2.181  4.174 1
11.154  4.237 2
 1.218  3.084 1
 1.694  3.085 1
10.046  3.644 2
 1.681  4.664 1
10.248  3.538 2
 9.826  3.749 2
 1.080  4.166 1
11.829  5.126 2
 9.833  1.505 2
 8.227  1.706 2
10.689  3.946 2
 9.594  2.797 2
 9.752  3.205 2
 9.874  2.348 2
10.449  2.969 2
 0.725  4.410 1
 9.829  3.128 2
 2.505  1.375 1
 1.291  4.083 1
 3.247  0.701 1
 9.283  1.442 2
 3.079  1.658 1
 9.758  2.339 2
 3.594  0.706 1
10.376  3.365 2
10.447  2.634 2
 1.968  2.912 1
10.740  3.803 2
 4.161 -1.636 1
 2.421  3.854 1
 0.513  5.519 1
10.487  2.635 2
 2.152  2.407 1
 8.927  3.283 2
 2.267  1.784 1
 8.940  2.317 2
 8.567  1.902 2
 1.572  3.178 1
 3.025  2.289 1
11.175  3.320 2
 2.702  2.119 1
 2.845  1.250 1
 9.755  3.243 2
 1.779  2.781 1
 9.567  3.078 2
 2.936  2.594 1
 2.504  2.714 1
 1.490  3.668 1
 2.164  3.779 1
10.646  4.069 2
 2.370  2.030 1
 3.281  0.849 1
 2.885  1.021 1
12.166  3.306 2
10.313  2.080 2
 1.839  3.879 1
 3.775 -0.638 1
 9.665  3.415 2
 3.740 -1.293 1
 1.646  1.829 1
 9.572  2.353 2
11.876  4.163 2
11.080  5.199 2
 1.154  5.410 1
 8.403  0.715 2
 3.870  0.594 1
 2.888  3.059 1
 8.553  1.147 2
10.682  3.183 2
 9.430  2.203 2
 8.993  2.523 2
 9.268  2.841 2
 3.709  1.629 1
 9.990  2.708 2
 8.944  2.052 2
10.293  3.200 2
 2.909  2.001 1
 8.958  3.363 2
 4.476  0.236 1
 0.212  3.908 1
11.781  4.879 2
 1.921  3.595 1
 1.839  4.409 1
 2.464  2.774 1
 7.267  1.003 2
 1.278  5.046 1
 4.198 -1.500 1
10.447  3.071 2
 1.670  3.205 1
 2.360  3.305 1
 2.251  2.751 1
 1.161  5.087 1
 9.686  2.390 2
 9.139  2.145 2
 0.279  7.183 1
 1.726  5.172 1
 9.372  2.990 2
 3.476  1.707 1
10.851  3.785 2
 8.388  2.231 2
10.131  3.525 2
 2.710  1.503 1
 4.104 -0.274 1
 2.627  2.103 1
 9.830  2.238 2
10.841  4.007 2
 9.331  2.876 2
 2.004  2.090 1
 0.849  4.670 1
 1.771  2.830 1
 1.887  1.768 1
 1.019  3.562 1
 2.666  2.775 1
 1.621  3.863 1
 9.935  2.762 2
11.661  3.697 2
 3.438  0.213 1
 9.643  2.561 2
 8.665  1.714 2
 2.053  1.742 1
11.071  3.802 2
 9.614  2.971 2
11.568  3.862 2
 1.748  4.510 1
11.516  4.286 2
 1.811  3.152 1
 1.429  2.815 1
11.027  4.189 2
 2.151  1.828 1
 0.697  6.218 1
 7.359  1.567 2
10.909  4.709 2
 2.242  1.921 1
 3.343  0.167 1
11.938  3.858 2
 2.340  2.826 1
-0.341  6.855 1
10.145  3.528 2
 2.769  3.206 1
10.224  3.780 2
 8.081  1.521 2
 1.676  3.195 1
 8.442  2.233 2
 1.589  3.988 1
 8.311  1.878 2
11.719  3.967 2
10.225  3.068 2
 3.020  0.800 1
 3.482  0.559 1
 3.223 -0.356 1
10.411  3.419 2
11.492  4.429 2
 1.527  2.187 1
 9.326  3.009 2
 9.269  2.042 2
 9.925  2.738 2
 3.071  2.124 1
 2.438  1.463 1
10.423  3.578 2
 2.342  2.478 1
 1.317  3.911 1
 8.816  1.595 2
10.249  3.291 2
 1.529  2.815 1
 1.929  2.572 1
10.267  3.437 2
 1.899  3.396 1
 9.431  2.753 2
 1.340  4.087 1
 1.794  4.165 1
 1.397  4.767 1
 2.625  1.516 1
 9.201  2.944 2
 0.436  5.530 1
 9.340  2.581 2
 9.917  3.040 2
 1.729  3.274 1
 1.453  3.864 1
 2.723  1.360 1
10.072  3.773 2
 2.297  2.476 1
 9.652  2.766 2
 2.976  2.351 1
11.012  3.442 2
11.459  4.758 2
10.347  3.112 2
 1.201  2.776 1
 0.045  5.626 1
 2.047  3.884 1
 2.089  2.544 1
10.080  2.421 2
 2.593  1.230 1
 1.200  4.049 1
 9.835  2.988 2
 2.194  1.249 1
 9.793  2.919 2
12.107  4.626 2
 9.554  3.040 2
 2.678 -0.113 1
 7.743  0.805 2
 1.708  4.108 1
10.423  3.032 2
 2.230  2.479 1
 9.906  1.867 2
 7.653  0.007 2
 9.315  2.023 2
10.135  2.778 2
 2.885  1.655 1
 2.079  3.844 1
 2.084  1.553 1
10.400  3.438 2
10.905  3.442 2
10.705  4.042 2
10.167  4.301 2
10.229  4.279 2
 2.177  2.388 1
 3.143  1.448 1
 0.415  4.494 1
 3.526  1.882 1
11.534  4.802 2
 1.703  3.644 1
 2.302  1.968 1
 9.289  3.136 2
 1.773  3.007 1
10.282  3.318 2
 8.282  1.094 2
 2.063  2.862 1
 1.288  2.323 1
 1.349  3.660 1
 1.932  3.144 1
11.079  3.765 2
10.109  3.326 2
10.563  3.768 2
 2.994  1.372 1
 3.841  1.341 1
 9.844  4.287 2
11.702  4.040 2
10.413  3.580 2
 1.689  3.616 1
10.282  2.827 2
 1.973  4.255 1
 1.182  3.290 1
 2.627  1.116 1
11.014  4.111 2
 8.702  3.014 2
 3.091  1.517 1
10.879  4.512 2
10.854  3.923 2
 2.164  1.164 1
 1.313  4.248 1
10.627  4.920 2
 9.481  2.426 2
 3.619  1.985 1
 2.835  3.165 1
11.198  3.547 2
 8.453  1.595 2
 8.759  2.246 2
 2.314  2.965 1
 9.776  2.727 2
 1.335  4.240 1
10.996  3.571 2
 7.888  1.127 2
 2.335  3.676 1
 8.931  1.493 2
 9.561  2.240 2
 1.726  5.006 1
 1.251  3.826 1
 8.985  2.752 2
 3.467  0.218 1
 0.220  4.678 1
10.521  3.607 2
 8.165  3.160 2
10.109  2.488 2
 9.075  2.319 2
 3.422 -0.585 1
 9.918  3.039 2
10.696  4.067 2
 0.596  4.611 1
 1.119  4.413 1
 3.181  0.704 1
 2.896  0.560 1
 1.187  2.919 1
 9.008  1.683 2
 9.650  2.737 2
 9.725  2.774 2
 9.839  2.132 2
 0.475  4.441 1
 8.447  0.787 2
 1.922  3.376 1
10.539  2.909 2
 0.706  5.973 1
 1.387  3.625 1
 0.914  4.181 1
 8.780  1.793 2
 9.293  3.079 2
 1.893  2.314 1
 2.897  2.611 1
10.756  4.353 2
 2.944  1.311 1
 2.989  1.221 1
 0.846  5.504 1
10.662  3.178 2
 3.974  1.038 1
 1.130  5.437 1
10.679  3.237 2
 2.271  2.612 1
10.457  3.107 2
 2.017  3.459 1
 3.197  0.791 1
10.360  2.847 2
 9.574  3.690 2
 0.059  4.824 1
 9.788  3.302 2
 2.921  1.829 1
 2.590  2.376 1
 2.948  2.052 1
 3.303  1.425 1
 9.768  1.844 2
 1.450  3.943 1
-0.349  7.548 1
10.044  3.961 2
10.677  2.985 2
-0.828  7.601 1
 2.463  3.721 1
 8.880  1.808 2
 1.683  1.423 1
 7.919 -0.453 2
11.151  4.135 2
10.853  3.153 2
 1.705  1.641 1
 2.988  1.847 1
10.246  2.987 2
-0.011  6.843 1
-0.013  6.516 1
 8.091  1.574 2
 1.390  3.309 1
 8.724  1.357 2
 3.198  1.453 1
 8.867  2.693 2
10.614  3.377 2
 4.130 -0.812 1
 9.978  3.066 2
11.031  5.033 2
10.686  2.938 2
 1.661  3.439 1
 8.818  2.434 2
11.774  4.098 2
 2.502  3.027 1
 8.746  1.532 2
10.980  3.779 2
 2.623  2.260 1
 4.222  0.946 1
 2.222  4.266 1
 7.911  1.483 2
10.744  2.961 2
 9.844  3.516 2
 9.312  1.285 2
 2.172  2.255 1
 1.783  3.312 1
 1.930  4.022 1
 0.179  5.858 1
 1.336  4.324 1
11.227  3.672 2
 8.184  2.276 2
10.131  3.043 2
11.212  4.321 2
 8.130  1.470 2
 2.175  1.529 1
 2.975  1.055 1
 9.844  2.461 2
10.641  3.282 2
 1.529  4.898 1
 8.582  1.159 2
10.106  2.608 2
 2.386  2.807 1
 2.337  2.170 1
 1.501  3.207 1
 2.571  2.865 1
10.549  3.595 2
 8.530  2.119 2
 2.033  3.905 1
 2.415  3.933 1
 9.906  1.999 2
 1.462  3.673 1
 2.390  2.677 1
 9.310  2.827 2
 9.303  2.227 2
 9.365  3.388 2
 3.076  1.323 1
 1.396  4.998 1
 1.715  1.569 1
 2.059  3.023 1
 9.342  2.146 2
 1.053  5.687 1
 8.855  2.157 2
 8.619  2.107 2
 2.406  1.417 1
 8.605  2.429 2
 1.082  4.292 1
 1.724  4.078 1
 0.664  5.303 1
 8.741  2.636 2
 9.256  2.772 2
 2.249  2.018 1
 2.789  1.430 1
 1.974  1.328 1
 3.137  0.677 1
 3.485  0.957 1
 9.835  3.680 2
 0.230  4.950 1
11.342  5.209 2
10.087  3.774 2
11.041  3.580 2
 1.229  4.015 1
10.622  3.994 2
10.553  3.954 2
 9.484  3.334 2
 8.286  1.584 2
 8.648  2.418 2
 3.313 -0.043 1
10.316  2.758 2
 3.327  2.063 1
10.429  2.266 2
 9.957  3.692 2
 4.966 -1.704 1
10.711  3.408 2
 0.921  5.359 1
 1.341  4.637 1
 3.213  1.858 1
11.631  4.687 2
10.444  2.547 2
 1.183  4.014 1
 2.442  2.626 1
 2.500  1.395 1
 2.186  2.402 1
 2.606  0.527 1
 1.556  4.618 1
 2.662  1.197 1
10.074  2.872 2
 9.843  2.874 2
 1.199  4.531 1
 1.378  4.143 1
11.421  4.533 2
10.587  4.092 2
 2.098  2.027 1
 0.651  5.489 1
 0.233  6.322 1
 1.675  2.584 1
11.138  4.899 2
 1.174  4.346 1
 9.710  2.836 2
11.141  3.313 2
 9.973  3.070 2
 9.359  3.027 2
 8.986  2.056 2
 3.138  0.398 1
 1.494  2.716 1
 9.751  3.867 2
 3.152  1.384 1
10.536  3.738 2
 8.935  1.332 2
 2.298  4.004 1
 2.382  1.723 1
10.658  2.745 2
 2.272  1.767 1
 8.538  0.801 2
 1.483  4.315 1
 8.015  1.843 2
 2.752 -0.124 1
11.791  4.005 2
 8.219  1.781 2
 2.190  2.972 1
 1.904  3.148 1
 3.687  3.167 1
 2.942  1.652 1
 1.814  4.525 1
 2.789  0.639 1
 2.067  3.347 1
 9.868  2.506 2
 9.885  3.770 2
 8.320  1.471 2
 0.930  4.574 1
11.173  4.531 2
 2.352  3.130 1
 8.329  1.808 2
11.641  4.430 2
 9.999  3.493 2
10.713  2.182 2
 2.795  3.168 1
 9.834  2.975 2
 2.476  2.402 1
10.819  3.774 2
 1.618  3.070 1
10.866  2.984 2
 2.055  3.235 1
 0.866  6.378 1
10.625  3.934 2
 2.731  2.939 1
 2.840  1.568 1
 9.528  2.186 2
 2.742  0.723 1
 1.959  3.827 1
 9.025  1.396 2
 8.381  2.804 2
 0.674  5.824 1
10.300  3.718 2
 2.417  1.651 1
10.778  2.719 2
 8.963  0.805 2
10.202  2.410 2
 2.349  1.528 1
 9.599  3.578 2
 1.791  2.663 1
11.160  3.488 2
 8.164  1.571 2
 9.758  3.044 2
10.174  3.432 2
 1.963  3.133 1
 9.601  2.775 2
 9.188  0.733 2
 3.066  1.116 1
10.071  3.537 2
 3.008 -0.213 1
 1.579  4.448 1
 9.896  2.571 2
11.083  4.220 2
 9.131  2.533 2
10.359  3.298 2
10.003  3.872 2
 1.855  2.875 1
 0.871  4.766 1
11.257  3.287 2
 1.562  4.643 1
10.303  4.032 2
 8.486  1.008 2
 9.336  2.664 2
 1.607  4.403 1
11.072  4.607 2
 1.893  2.080 1
 0.859  5.211 1
 1.455  3.013 1
 2.959  2.254 1
 1.794  1.363 1
 9.857  2.382 2
 1.147  4.403 1
10.554  3.943 2
 9.356  2.615 2
 4.246  0.742 1
11.081  4.492 2
10.907  3.452 2
 8.766  1.770 2
 1.342  4.572 1
 1.862  4.022 1
 8.400  1.802 2
10.010  3.207 2
 3.237  0.876 1
 1.482  2.406 1
 1.992  2.295 1
 1.292  5.010 1
 1.461  3.145 1
 0.739  5.576 1
 2.093  4.341 1
 1.739  3.374 1
 9.710  3.753 2
 3.598 -0.075 1
11.815  4.213 2
-0.146  4.307 1
 2.274  3.045 1
 2.920  0.689 1
 3.300  1.507 1
11.009  3.492 2
10.538  2.769 2
 9.800  2.782 2
 0.241  6.056 1
 9.877  3.097 2
10.343  4.087 2
12.064  4.715 2
10.444  3.698 2
 9.725  2.791 2
10.315  3.871 2
 3.266  1.401 1
 1.301  4.270 1
 1.329  3.341 1
10.770  2.779 2
 2.081  3.548 1
 9.102  2.407 2
 0.872  4.431 1
10.380  2.207 2
10.315  4.054 2
 8.926  2.407 2
10.411  3.317 2
10.511  3.226 2
 1.910  3.316 1
 9.072  1.663 2
 1.338  4.605 1
10.040  2.720 2
 9.990  2.269 2
10.423  3.153 2
 1.143  3.218 1
 3.337  1.487 1
10.024  2.310 2
 9.876  2.929 2
 0.660  5.581 1
11.069  2.503 2
 1.952  3.409 1
 2.763  1.645 1
 9.652  3.431 2
 9.335  2.242 2
 1.612  4.938 1
 2.908  3.110 1
 1.517  2.755 1
 2.360  2.652 1
 1.697  3.962 1
10.607  3.182 2
10.840  3.597 2
 9.110  2.745 2
10.219  2.866 2
 2.749  2.393 1
 3.322  0.142 1
 0.528  5.285 1
 2.259  1.564 1
 9.425  2.305 2
 9.410  2.217 2
 2.490  2.428 1
 1.908  1.983 1
 1.386  3.663 1
11.261  3.502 2
 2.488  1.480 1
 0.695  3.035 1
 2.016  3.039 1
11.310  3.647 2
 0.470  4.644 1
 1.211  3.222 1
 0.757  4.986 1
 1.901  4.603 1
 8.519  1.393 2
 9.895  2.250 2
 9.997  3.822 2
12.123  4.364 2
 9.853  3.843 2
 8.815  2.757 2
 4.261 -0.557 1
10.262  3.706 2
 2.644  2.251 1
 0.800  5.470 1
 8.411  1.301 2
 0.472  5.488 1
 2.097  3.850 1
11.733  5.194 2
 1.017  3.881 1
11.107  3.879 2
 0.247  4.213 1
10.441  2.518 2
 2.039  3.687 1
 9.885  2.925 2
 2.250  3.145 1
10.153  2.852 2
 2.076  2.917 1
10.054  3.369 2
11.116  4.181 2
 3.350  1.398 1
11.734  5.012 2
11.301  3.126 2
11.516  3.961 2
 1.077  3.762 1
 7.729 -0.306 2
 1.649  3.194 1
11.374  3.860 2
 2.396  3.560 1
-0.232  6.719 1
 9.534  1.606 2
 3.309  2.167 1
 7.997  1.499 2
 0.042  6.575 1
10.859  4.291 2
10.063  3.138 2
 9.453  2.148 2
 9.813  3.374 2
 2.704  2.670 1
 2.334  1.754 1
 9.951  2.559 2
 1.181  3.783 1
 0.886  4.829 1
 0.717  6.192 1
 1.817  2.416 1
12.791  3.594 2
11.670  4.822 2
 0.947  4.457 1
 9.938  2.448 2
 2.822  2.264 1
 1.554  3.843 1
 9.721  2.246 2
10.220  2.925 2
 3.113  2.674 1
 2.028  1.335 1
10.058  3.333 2
 2.351  2.822 1
 0.320  7.617 1
 2.711  1.693 1
 1.322  3.989 1
 9.651  2.339 2
10.186  3.135 2
 9.604  1.218 2
10.264  3.130 2
 8.780  1.795 2
 9.608  3.406 2
 0.278  6.781 1
 9.377  2.861 2
10.919  2.013 2
 9.219  1.915 2
 2.955  1.605 1
 0.984  4.276 1
 9.833  2.809 2
10.298  2.848 2
10.164  2.444 2
 2.254  3.359 1
 1.546  3.599 1
 0.503  4.435 1
 8.193  2.424 2
 8.669  2.499 2
 2.569  1.793 1
10.467  3.405 2
 1.995  2.867 1
 9.305  1.899 2
10.289  3.054 2
12.446  6.009 2
-0.746  7.651 1
 9.401  2.695 2
 3.246  2.009 1
 0.495  3.931 1
 1.465  3.261 1
 0.941  6.354 1
 2.590  3.432 1
 9.503  2.296 2
 8.876  2.926 2
 2.605  1.605 1
 9.728  2.230 2
 1.974  4.633 1
 1.892  3.507 1
 3.014  1.537 1
 2.197  2.729 1
11.700  3.342 2
10.265  2.560 2
 0.759  4.659 1
 9.486  2.490 2
 9.378  0.636 2
 2.588  2.249 1
10.213  3.332 2
 0.408  4.110 1
10.625  2.649 2
 1.671  2.884 1
 2.049  3.875 1
12.058  4.319 2
 2.378  2.278 1
 1.238  4.973 1
 2.794  2.179 1
 9.997  2.793 2
 9.593  2.224 2
 1.316  3.068 1
 2.180  2.537 1
 2.408  1.723 1
 3.022  1.951 1
 9.496  2.430 2
 1.627  2.039 1
11.929  4.512 2
10.066  2.698 2
10.676  3.353 2
 1.686  4.012 1
 9.955  2.943 2
10.418  3.397 2
10.746  3.725 2
 8.344  1.746 2
 9.956  3.477 2
 7.731  1.365 2
 1.671  2.734 1
 2.417  2.817 1
10.105  4.460 2
 9.594  2.928 2
10.024  2.485 2
 9.406  2.097 2
 8.924  2.799 2
 7.603  0.394 2
 9.664  2.929 2
 8.793  1.932 2
 8.650  2.503 2
 1.616  3.321 1
 8.678  1.284 2
 2.039  1.558 1
11.333  4.475 2
 2.221  2.370 1
 1.988  2.412 1
10.093  3.874 2
10.763  2.731 2
10.150  2.420 2
 8.837  2.706 2
 8.889  2.314 2
 9.555  2.641 2
 0.302  4.993 1
 0.161  5.017 1
 9.755  2.817 2
12.011  4.622 2
 3.041  1.814 1
 1.952  2.859 1
 2.164  3.099 1
11.983  3.926 2
 8.948  1.801 2
 1.062  3.746 1
 0.957  7.953 1
 1.965  2.901 1
 4.419  0.211 1
 3.279  0.547 1
10.633  4.204 2
10.716  3.781 2
 1.261  4.238 1
10.087  3.010 2
 1.094  4.661 1
 9.704  2.275 2
11.492  3.742 2
10.202  3.045 2
 2.438  2.488 1
 8.607  2.140 2
 1.772  4.633 1
 9.889  2.912 2
11.859  4.593 2
 1.936  2.890 1
 0.345  5.082 1
10.863  3.486 2
 9.913  2.302 2
 2.403  2.738 1
 0.781  5.371 1
 1.939  2.817 1
 9.354  2.421 2
10.558  3.273 2
 0.358  5.568 1
 0.796  4.456 1
 9.772  3.074 2
10.223  3.758 2
10.128  3.460 2
 9.911  2.869 2
 0.682  5.673 1
 9.835  3.119 2
 9.326  2.715 2
10.683  3.252 2
 0.640  4.592 1
 1.810  3.563 1
-0.133  5.053 1
10.437  4.012 2
 9.709  3.410 2
10.133  2.799 2
 2.301  3.153 1
 1.574  3.028 1
10.638  3.617 2
 2.386  3.335 1
10.300  1.945 2
10.120  3.749 2
 2.525  3.213 1
 2.831  2.982 1
 1.976  2.713 1
 8.568  2.331 2
10.058  3.214 2
 9.932  3.140 2
10.892  4.363 2
 3.643  0.086 1
 1.889  1.718 1
 2.375  2.040 1
 7.995  1.336 2
 9.952  1.869 2
 9.866  2.444 2
10.632  4.246 2
 3.135  0.306 1
 4.481 -1.711 1
 9.272  3.101 2
 9.314  2.398 2
 9.356  2.193 2
 8.932  2.451 2
10.186  3.068 2
 1.790  3.825 1
 1.886  2.684 1
 1.148  4.195 1
 2.635  3.577 1
 0.578  5.498 1
 9.176  1.464 2
10.269  2.942 2
 4.109 -0.078 1
 9.184  2.140 2
 3.536  2.060 1
 1.359  3.214 1
 2.429  3.200 1
10.434  3.485 2
 1.896  4.075 1
10.375  2.808 2
10.252  3.856 2
 1.665  4.354 1
 0.458  3.667 1
 2.632  0.913 1
 1.590  5.936 1
 8.889  2.618 2
10.415  2.598 2
 7.756  1.635 2
 0.855  4.743 1
 2.576  2.347 1
11.509  4.543 2
 9.929  3.337 2
 8.148  1.451 2
 1.672  4.000 1
10.027  2.715 2
 8.851  2.658 2
 2.237  2.418 1
 2.088  3.637 1
11.729  3.732 2
10.556  3.214 2
 4.768 -2.128 1
10.089  3.722 2
 2.171  2.950 1
10.122  3.541 2
 9.806  4.196 2
 9.608  2.287 2
 1.225  3.138 1
 2.768  0.846 1
 9.909  3.501 2
 2.538  1.215 1
10.588  3.864 2
 2.968  1.693 1
-0.390  7.458 1
 2.342  4.009 1
 9.896  3.565 2
10.956  4.018 2
 2.652  2.367 1
 9.414  2.899 2
 1.723  4.004 1
10.612  4.159 2
 1.169  3.461 1
 9.997  3.446 2
 9.228  0.931 2
 1.449  4.716 1
 9.233  2.600 2
 2.013  3.504 1
10.333  3.029 2
 1.838  4.609 1
 2.641  1.357 1
10.661  3.934 2
10.417  2.349 2
 2.297  3.627 1
 1.447  2.931 1
 9.666  2.533 2
 0.062  6.520 1
 2.215  2.292 1
 2.949  1.438 1
11.085  2.978 2
 3.445  0.190 1
 2.672  1.279 1
 3.634  0.630 1
 7.977  1.036 2
 9.994  3.444 2
 9.301  2.494 2
 1.845  3.456 1
 1.751  4.418 1
 8.209  1.970 2
 9.779  3.246 2
 2.346  2.580 1
 2.567  1.750 1
 0.863  5.167 1
 2.115  3.623 1
 8.648  0.682 2
10.081  3.383 2
 8.067  1.335 2
 2.597  3.099 1
 1.749  4.508 1
 8.944  2.603 2
 1.312  3.535 1
 2.542  2.491 1
10.091  3.388 2
 9.967  2.956 2
 9.088  0.946 2
 4.647 -1.028 1
10.043  2.586 2
11.384  3.506 2
 3.843  0.334 1
11.016  3.587 2
 9.162  1.964 2
 9.705  3.974 2
 3.186 -0.269 1
12.042  4.374 2
11.322  3.807 2
 0.676  4.302 1
11.782  4.217 2
 3.348  0.118 1
10.329  4.610 2
 2.828  2.148 1
 8.734  2.770 2
 0.650  4.646 1
10.606  3.797 2
 1.776  4.731 1
 1.747  4.634 1
 3.771  0.764 1
10.003  3.140 2
 1.273  4.817 1
 9.170  2.663 2
 0.925  3.257 1
 0.672  5.386 1
 8.102  0.594 2
 1.226  4.184 1
11.810  3.893 2
 8.763  3.329 2
 1.594  4.372 1
 2.007  3.103 1
10.569  3.312 2
11.786  3.538 2
 0.903  5.379 1
11.356  3.838 2
 1.501  3.114 1
 9.641  2.883 2
 4.918 -1.607 1
 7.991  1.424 2
10.534  3.458 2
10.542  1.758 2
 3.925 -0.541 1
 2.083  2.299 1
11.348  4.571 2
10.391  2.180 2
 3.393 -0.312 1
10.366  4.156 2
 0.136  6.690 1
 9.615  2.571 2
 0.714  4.235 1
 0.666  4.615 1
 9.562  1.589 2
 2.100  1.459 1
 3.111 -0.235 1
 8.637  1.871 2
 2.596  1.894 1
 2.380  2.645 1
10.340  3.709 2
 1.007  3.339 1
 1.659  4.522 1
10.142  3.771 2
 1.666  2.613 1
-0.588  8.347 1
 1.283  5.795 1
 9.881  3.519 2
 1.030  4.615 1
12.053  5.721 2
 8.356  2.072 2
 8.292  2.237 2
10.492  4.137 2
 9.920  3.219 2
 2.907  0.850 1
10.650  3.702 2
 0.297  5.282 1
 3.072 -0.298 1
 1.560  3.056 1
10.627  2.535 2
 1.736  4.304 1
 1.621  4.650 1
 3.068  0.446 1
 1.379  3.409 1
 9.369  3.229 2
 4.162  0.038 1
 9.063  2.961 2
 9.178  2.108 2
 2.414  2.294 1
 9.117  3.099 2
10.537  2.964 2
10.043  2.854 2
10.306  3.142 2
 9.286  2.193 2
 1.263  3.523 1
 3.265  1.670 1
 2.703  2.369 1
 2.271  1.283 1
 3.203  1.152 1
 9.592  3.275 2
 3.612  0.563 1
 8.848  1.813 2
 2.534  2.230 1
 9.113  2.285 2
 4.348  0.196 1
 3.036  1.115 1
10.613  2.701 2
 1.189  5.070 1
 1.361  3.297 1
 1.161  3.065 1
10.649  2.527 2
 9.354  3.377 2
11.510  3.538 2
 2.669  2.237 1
10.186  2.694 2
 9.355  2.519 2
 1.796  4.077 1
 8.632  1.861 2
 0.787  4.599 1
10.430  4.079 2
 9.867  3.223 2
10.456  4.094 2
 9.899  3.292 2
 1.581  2.824 1
 1.056  4.300 1
 1.819  3.055 1
11.436  4.621 2
 2.622  1.734 1
 9.179  3.092 2
10.730  2.488 2
 9.488  2.624 2
-0.333  4.648 1
 2.942  1.925 1
10.220  2.376 2
 4.241  0.267 1
 2.180  1.784 1
10.413  2.507 2
 9.123  2.728 2
 1.990  3.483 1
11.636  3.354 2
 0.812  6.358 1
 2.030  1.458 1
 2.493  1.917 1
 2.131  2.385 1
 9.602  2.765 2
 9.321  2.318 2
11.701  5.197 2
 1.280  2.755 1
 1.617  3.962 1
 9.815  2.653 2
11.801  3.983 2
 0.306  4.757 1
 1.150  4.382 1
 2.021  4.141 1
11.218  4.329 2
 2.777  2.360 1
 3.180  2.023 1
 2.214  1.811 1
 2.642  0.951 1
 1.695  3.471 1
 1.757  3.465 1
 8.838  0.535 2
 0.915  3.963 1
11.134  3.761 2
 0.778  5.621 1
 3.277  1.668 1
 2.149  2.393 1
 0.186  4.958 1
 9.724  4.117 2
10.868  4.065 2
 8.975  2.188 2
 2.755  1.251 1
 9.445  3.334 2
 9.345  3.498 2
10.244  2.567 2
 8.036  1.503 2
 1.918  3.449 1
 8.803  0.956 2
 3.081  2.457 1
 8.475  1.386 2
11.115  3.910 2
 9.354  3.635 2
 1.188  4.633 1
 2.780  1.178 1
 2.205  2.090 1
 0.337  5.128 1
 1.952  3.352 1
10.557  3.140 2
 2.360  2.554 1
 9.166  2.289 2
11.222  2.560 2
 3.083  2.185 1
10.907  4.463 2
 4.128 -0.694 1
 6.484  0.052 2
 1.404  3.168 1
10.854  3.824 2
 8.390  2.190 2
10.166  2.862 2
 1.541  3.381 1
 9.315  3.165 2
 2.340  2.712 1
 9.073  2.558 2
 3.062  1.802 1
 9.624  3.552 2
10.082  3.478 2
 1.201  4.109 1
10.059  3.687 2
 1.809  2.814 1
 2.047  2.254 1
 2.797  3.245 1
10.746  3.676 2
10.099  3.698 2
 9.768  3.059 2
 9.574  2.564 2
10.548  3.664 2
 2.283  3.661 1
 1.974  3.297 1
10.988  5.210 2
11.403  3.380 2
10.808  3.739 2
 8.428  1.463 2
10.438  2.973 2
 9.474  2.460 2
10.712  4.413 2
10.251  2.828 2
 1.155  6.233 1
 2.767  1.485 1
 8.701  2.050 2
 8.683  2.935 2
10.411  3.424 2
 9.440  2.256 2
10.658  2.231 2
 2.807  1.900 1
 2.477  2.316 1
11.077  4.048 2
 3.753 -0.463 1
11.576  3.737 2
10.030  2.047 2
 9.432  2.510 2
10.514  3.833 2
 1.959  1.916 1
10.461  2.952 2
 3.539 -0.643 1
 1.142  4.772 1
 1.191  3.240 1
 1.877  3.472 1
 9.235  2.777 2
11.115  4.057 2
 1.192  4.100 1
 1.306  3.523 1
 0.833  3.518 1
11.770  4.078 2
 0.402  5.339 1
10.302  2.106 2
 0.244  4.620 1
11.462  3.652 2
 9.703  3.168 2
 8.873  2.072 2
 1.925  4.491 1
 3.276  0.407 1
 9.648  3.218 2
 1.933  4.393 1
 9.453  3.111 2
 3.249  2.067 1
 8.864  1.896 2
 2.380  1.263 1
 9.434  2.566 2
 2.483  1.536 1
 2.468  1.728 1
 3.563  1.136 1
10.453  3.423 2
 9.085  3.038 2
 9.065  2.013 2
 8.624  1.185 2
 0.649  3.762 1
 4.330  0.091 1
 9.632  3.183 2
 1.798  2.454 1
 1.056  3.518 1
 2.789  2.663 1
 3.526 -1.242 1
 8.540  1.995 2
10.685  2.981 2
10.271  3.386 2
 7.448  0.142 2
 2.154  1.624 1
10.520  3.425 2
 2.072  1.805 1
 9.981  3.345 2
 3.798 -0.873 1
 0.759  4.039 1
11.180  3.125 2
10.386  3.323 2
 1.219  5.654 1
 9.771  3.408 2
 1.833  3.690 1
 1.532  3.122 1
 2.415  2.320 1
 0.635  5.983 1
 2.124  3.271 1
 3.932 -0.487 1
 8.628  1.958 2
11.271  4.847 2
 1.793  4.022 1
 9.084  2.977 2
 2.233  3.305 1
 1.994  3.802 1
 2.467  1.766 1
 1.090  4.196 1
 0.731  4.340 1
 4.070 -0.490 1
 1.598  3.966 1
10.474  3.338 2
 2.251  1.745 1
 2.316  2.554 1
 1.365  4.389 1
 0.628  6.650 1
11.559  4.223 2
10.081  3.394 2
 2.718  1.396 1
 9.859  2.819 2
 8.988  2.329 2
 8.582  1.120 2
 8.672  1.585 2
 1.039  4.683 1
 3.128  0.842 1
 1.944  3.258 1
 8.975  2.127 2
 3.566  1.813 1
 1.711  3.315 1
 3.596  1.970 1
 2.310  2.642 1
 9.804  1.550 2
 2.379  2.354 1
 1.132  4.174 1
11.165  3.647 2
 9.580  2.908 2
 9.952  2.351 2
 9.745  2.401 2
 1.071  4.775 1
10.317  3.120 2
 9.862  2.829 2
 8.720  1.935 2
10.177  3.981 2
 9.990  3.532 2
 9.770  2.846 2
10.682  4.163 2
11.761  4.348 2
 9.199  1.854 2
 2.496  1.897 1
 1.362  3.713 1
 9.465  3.260 2
11.301  4.575 2
 9.703  2.931 2
 2.499  1.849 1
 2.996  1.566 1
 2.222  2.814 1
 8.658  1.527 2
 9.993  3.355 2
11.088  3.143 2
 9.991  3.412 2
 2.586  3.223 1
 9.212  2.492 2
 2.059  4.133 1
10.212  3.252 2
 3.175  1.825 1
 2.351  3.302 1
11.282  3.208 2
 9.643  2.465 2
 1.732  3.436 1
 3.892 -0.116 1
 3.198 -0.371 1
 9.119  2.807 2
 2.482  1.962 1
 1.626  4.113 1
 0.997  4.409 1
10.446  3.232 2
 8.705  0.856 2
10.012  2.346 2
 0.666  4.783 1
 1.503  3.282 1
10.947  3.210 2
11.229  3.308 2
11.513  5.258 2
10.588  2.861 2
 9.829  3.359 2
 1.673  3.541 1
 9.738  3.683 2
 1.374  4.387 1
 9.699  2.267 2
 1.610  2.978 1
10.304  3.541 2
 1.498  3.947 1
10.268  2.980 2
 1.943  2.663 1
 1.298  2.623 1
11.851  5.063 2
 1.002  5.287 1
 1.699  2.238 1
 1.846  4.238 1
10.397  4.058 2
10.192  2.571 2
 8.627  2.242 2
 0.969  4.398 1
 1.936  2.478 1
 8.559  2.310 2
10.404  4.147 2
12.626  5.356 2
11.314  3.176 2
 2.599  1.355 1
 1.405  5.392 1
 9.494  1.483 2
10.712  4.263 2
 3.353  0.819 1
 9.316  1.897 2
10.775  3.677 2
10.184  2.176 2
 9.283  1.869 2
 9.261  3.312 2
 3.497 -0.283 1
 9.180  2.828 2
10.068  3.012 2
 9.744  2.246 2
 2.895  2.763 1
 2.177  2.664 1
10.549  3.514 2
 1.700  2.620 1
 2.867  1.857 1
 1.830  3.446 1
 9.194  2.485 2
 2.613  1.730 1
 2.402  2.934 1
 2.206  2.546 1
10.527  3.476 2
10.012  3.492 2
 1.015  4.714 1
10.702  4.176 2
12.082  5.086 2
-0.026  6.065 1
 1.890  2.802 1
 2.747  0.776 1
 9.007  2.146 2
 2.589  2.867 1
 9.255  2.486 2
 2.462  3.050 1
 1.299  3.187 1
 1.887  1.273 1
 1.229  5.050 1
10.358  3.015 2
 1.008  4.465 1
10.587  3.373 2
 1.685  2.830 1
 9.408  2.228 2
 8.651  2.374 2
 9.034  2.168 2
 1.261  3.176 1
 9.978  4.022 2
 8.694  0.577 2
 3.077  0.683 1
 9.773  4.043 2
10.984  3.894 2
 2.016  2.652 1
 2.236  3.683 1
10.523  4.325 2
 9.710  3.021 2
10.362  3.810 2
 2.062  2.383 1
 1.703  3.825 1
 1.539  3.998 1
 1.044  2.774 1
11.879  3.982 2
10.308  3.726 2
 2.691  2.621 1
 8.210  1.265 2
 1.238  3.701 1
 2.666  0.968 1
10.872  4.080 2
 2.088  2.782 1
 3.342  1.976 1
10.324  3.098 2
 1.623  5.325 1
10.052  1.589 2
11.016  3.801 2
10.278  2.832 2
 9.796  1.999 2
 1.700  0.880 1
10.819  4.185 2
 1.803  3.952 1
11.057  4.272 2
 0.924  5.208 1
10.564  4.742 2
 8.329  1.852 2
 2.466  0.767 1
 2.235  3.376 1
10.629  4.298 2
 3.907 -0.453 1
10.290  2.947 2
 2.016  4.395 1
11.245  4.456 2
 1.384  3.717 1
 2.311  1.539 1
 2.484  4.278 1
 9.024  2.497 2
 2.653  1.695 1
 9.616  3.112 2
 0.797  4.427 1
10.963  2.941 2
 1.465  4.531 1
 9.520  2.391 2
 9.794  2.293 2
 2.551  2.116 1
 1.237  5.300 1
10.712  3.993 2
 2.433  2.696 1
 1.667  4.465 1
 2.053  2.388 1
 9.346  1.836 2
 9.231  2.767 2
 2.714  0.996 1
11.302  4.221 2
 2.158  4.056 1
 1.167  5.183 1
 3.155  3.505 1
10.075  3.331 2
 3.229  0.645 1
 2.332  3.837 1
 0.263  5.818 1
 0.394  4.710 1
 9.488  2.870 2
 2.353  3.431 1
10.694  3.938 2
 9.616  3.346 2
10.675  4.188 2
 8.237  1.329 2
 2.227  3.102 1
 8.549  0.703 2
 3.740 -1.743 1
 9.906  3.126 2
 2.363  3.503 1
 1.071  3.595 1
 1.892  2.905 1
10.427  3.721 2
10.679  2.875 2
 1.716  1.892 1
 0.833  4.569 1
 0.956  3.128 1
 2.225  3.227 1
 1.922  2.936 1
 0.484  6.192 1
 3.299  1.979 1
10.552  3.135 2
 1.047  5.192 1
 2.597  1.789 1
 9.602  3.720 2
10.785  4.187 2
 0.971  3.623 1
11.131  3.475 2
 0.766  4.957 1
 2.486  1.843 1
 2.204  2.680 1
 9.424  2.742 2
10.748  2.717 2
10.418  4.290 2
 1.270  5.447 1
 2.691  1.663 1
 1.182  2.893 1
 9.205  1.971 2
10.279  4.488 2
 1.773  3.467 1
10.535  2.954 2
 0.789  4.544 1
 1.857  4.307 1
 1.442  5.090 1
 1.801  3.540 1
 4.309 -0.388 1
 1.341  3.678 1
 1.850  2.123 1
 2.758  2.210 1
 1.399  3.570 1
 9.016  1.563 2
11.482  4.721 2
10.575  3.468 2
 2.050  2.827 1
 2.194  2.662 1
 9.740  3.660 2
 7.792  1.539 2
11.891  4.659 2
 8.659  1.825 2
 9.628  3.180 2
10.830  2.710 2
 9.588  3.489 2
 2.046  2.758 1
-0.156  5.730 1
 2.039  3.075 1
 2.508  2.321 1
 2.092  3.196 1
 8.920  2.160 2
 8.368  1.780 2
 0.620  5.895 1
11.106  2.916 2
10.555  3.759 2
 1.424  3.530 1
 0.715  4.978 1
 2.764  1.411 1
 1.695  2.492 1
 0.612  5.431 1
 9.982  3.344 2
 9.396  3.539 2
 9.505  2.598 2
 1.212  5.716 1
 2.745  1.334 1
 7.895  0.965 2
 0.943  4.435 1
 1.646  3.398 1
10.509  4.830 2
 8.867  2.851 2
10.025  1.400 2
 3.550  0.747 1
 2.172  3.349 1
 0.901  4.154 1
 9.307  3.222 2
10.346  3.961 2
10.453  3.751 2
 1.058  4.942 1
 2.060  3.068 1
 2.605  1.680 1
 9.664  2.499 2
 2.508  2.624 1
10.808  3.603 2
 0.855  3.213 1
 0.575  4.849 1
 2.169  0.941 1
11.031  3.659 2
 2.561  2.221 1
 2.189  3.310 1
 9.265  1.914 2
 2.881  1.319 1
 8.559  2.306 2
 7.615  1.351 2
 2.920  2.147 1
 4.225  0.539 1
 2.259  3.681 1
11.230  4.108 2
 2.446  2.426 1
11.029  3.332 2
 1.092  2.354 1
 2.219  2.512 1
 2.635  0.875 1
 1.473  3.266 1
10.723  2.449 2
 9.484  2.975 2
11.730  4.030 2
 1.187  3.526 1
 3.047  3.294 1
 9.158  2.914 2
 8.234  3.059 2
 9.251  1.433 2
 2.387  2.585 1
 1.691  4.312 1
 1.388  5.293 1
 1.221  3.816 1
 8.427  1.158 2
10.270  3.097 2
11.295  4.761 2
10.220  2.680 2
 0.523  5.224 1
 2.409  1.929 1
 1.589  2.475 1
11.851  4.105 2
11.741  4.621 2
 9.134  2.887 2
10.385  3.046 2
 9.251  2.486 2
 0.012  5.553 1
 2.191  1.717 1
 2.471  2.381 1
 9.792  3.367 2
 2.018  2.888 1
10.917  3.787 2
11.518  5.086 2
 1.051  5.139 1
 8.823  2.197 2
10.168  3.756 2
 8.229  0.909 2
 2.823  2.782 1
 9.385  2.679 2
 3.025  3.030 1
 3.597  0.095 1
 8.506  1.479 2
 9.436  2.810 2
 9.955  2.586 2
 2.676  1.639 1
 2.170  3.725 1
 9.362  2.059 2
 2.468  2.438 1
10.339  3.589 2
 9.858  3.096 2
 3.400  0.915 1
 2.223  4.295 1
 9.860  3.788 2
 1.329  6.020 1
 2.971  0.579 1
10.053  3.735 2
 2.632  3.042 1
 0.955  5.620 1
11.389  5.295 2
10.909  3.723 2
 0.747  3.653 1
11.204  3.904 2
 2.754  2.049 1
 9.758  2.533 2
10.480  4.101 2
 1.882  3.716 1
 1.613  1.529 1
 9.796  2.897 2
 8.822  2.320 2
 9.523  3.476 2
 1.509  4.819 1
 2.410  3.376 1
10.174  3.236 2
 8.442  1.499 2
10.715  3.495 2
 3.422  2.841 1
 1.677  3.351 1
 2.611  3.014 1
11.302  3.772 2
11.754  4.451 2
 3.014  2.064 1
 8.956  1.946 2
 7.960  1.772 2
-0.204  5.275 1
 1.334  4.361 1
10.531  4.056 2
 9.714  3.476 2
 1.891  4.369 1
10.853  3.586 2
10.033  2.476 2
10.919  3.446 2
 3.807  0.032 1
 9.184  3.175 2
11.664  3.125 2
12.822  4.661 2
 9.367  2.609 2
 9.195  1.781 2
 2.126  2.236 1
 1.899  2.761 1
 2.927  2.785 1
 1.263  3.009 1
 1.736  3.456 1
 1.456  3.362 1
 8.005  1.186 2
10.159  3.226 2
 8.472  1.047 2
10.111  2.434 2
 3.139  2.222 1
 5.152 -1.306 1
 0.969  3.590 1
-0.327  6.600 1
 1.598  3.743 1
 9.853  3.634 2
 9.478  1.518 2
 1.503  4.955 1
10.381  3.360 2
 9.474  2.031 2
 8.768  2.865 2
 9.457  2.032 2
10.472  3.878 2
10.154  2.194 2
 8.791  3.052 2
 1.075  5.007 1
 9.939  3.461 2
 0.625  4.455 1
10.520  3.729 2
10.185  2.621 2
 9.949  3.653 2
 9.365  3.104 2
 1.434  3.873 1
 1.087  4.493 1
 1.518  4.967 1
 2.070  1.802 1
11.351  3.793 2
11.442  4.883 2
 1.021  5.197 1
 9.780  1.974 2
 1.514  2.130 1
10.832  3.904 2
 1.483  2.170 1
-0.542  7.315 1
 9.098  3.257 2
11.698  5.630 2
11.855  5.559 2
 0.989  3.913 1
 9.071  1.718 2
 9.951  4.243 2
 1.009  3.692 1
 0.620  4.664 1
10.037  1.923 2
 1.426  4.212 1
10.725  2.775 2
 9.939  3.118 2
 3.461  1.612 1
10.007  2.979 2
10.990  4.026 2
 1.085  4.779 1
 9.842  2.362 2
12.001  4.111 2
 3.516  0.221 1
 1.662  2.862 1
 2.137  3.321 1
 9.635  2.223 2
 8.337  0.750 2
 9.760  4.180 2
10.432  3.363 2
 9.945  3.384 2
 2.813  2.379 1
 1.706  1.670 1
 2.586  2.351 1
 8.676  0.120 2
 2.362  4.226 1
 9.535  2.582 2
 1.991  2.729 1
 9.418  2.268 2
 8.001  1.550 2
10.346  2.568 2
 2.143  3.616 1
 9.664  3.226 2
 0.707  4.630 1
 2.104  2.430 1
10.609  3.446 2
 3.395 -0.593 1
 4.904 -0.378 1
 9.847  3.292 2
11.589  4.661 2
 1.342  4.218 1
 9.914  1.746 2
 4.659 -0.504 1
10.056  3.688 2
 2.494  2.815 1
 1.673  4.013 1
12.285  3.983 2
 0.948  3.294 1
 3.407  1.330 1
 1.970  2.927 1
 2.672  3.444 1
10.355  2.979 2
10.090  2.883 2
-0.320  5.650 1
 2.691 -0.212 1
 1.454  3.377 1
 9.871  3.081 2
 8.714  2.033 2
11.999  3.866 2
 9.653  1.928 2
10.495  2.395 2
10.310  3.301 2
 3.363  2.215 1
 9.518  2.187 2
 3.226  1.145 1
10.066  3.157 2
 2.901  1.460 1
 3.617  0.967 1
10.513  3.065 2
 2.915  2.058 1
 9.635  2.997 2
 3.448  0.024 1
 8.884  1.030 2
 9.211  2.671 2
11.517  4.319 2
 9.884  2.116 2
 8.627  2.600 2
 9.920  2.658 2
10.943  3.627 2
 3.177  1.877 1
 9.473  1.879 2
10.487  1.909 2
 2.152  2.756 1
 0.443  4.676 1
 0.501  5.645 1
12.008  4.418 2
 1.349  4.228 1
 9.916  3.542 2
 2.696  2.903 1
 7.781  0.451 2
 0.733  4.518 1
 1.757  3.130 1
 2.881  2.794 1
12.507  5.947 2
 3.639  0.350 1
 1.873  2.333 1
 8.627  1.004 2
10.813  3.794 2
 9.919  2.707 2
 2.617  1.953 1
10.557  2.714 2
 0.941  3.647 1
10.212  2.328 2
 9.899  3.113 2
 1.876  2.176 1
-0.427  7.006 1
 1.043  2.818 1
10.044  2.994 2
 2.002  3.076 1
 2.078  4.167 1
 1.192  5.264 1
 2.073  3.208 1
10.673  2.765 2
 2.770  2.886 1
 9.660  2.903 2
 9.976  2.211 2
10.623  3.152 2
 2.581  3.187 1
 1.809  3.100 1
11.512  3.460 2
10.526  4.223 2
 9.166  2.619 2
 9.355  1.478 2
 1.390  3.347 1
 1.438  4.016 1
 0.078  4.968 1
10.436  1.600 2
 2.422  1.403 1
10.324  3.192 2
 2.413  1.604 1
 1.062  3.308 1
 3.545 -0.703 1
10.484  3.685 2
10.470  2.889 2
 2.380  2.880 1
 9.359  2.207 2
 1.236  5.723 1
 1.881  3.494 1
10.283  2.537 2
10.272  3.223 2
10.021  3.007 2
 0.136  4.021 1
 9.884  2.665 2
 9.535  1.613 2
 9.325  2.141 2
10.322  3.329 2
 0.427  6.371 1
 1.113  3.331 1
11.119  2.303 2
 9.869  3.066 2
 9.747  3.593 2
 7.893  1.557 2
 3.262  0.281 1
 1.021  2.238 1
 0.101  5.280 1
10.641  2.588 2
10.682  3.817 2
 0.467  5.654 1
 1.806  4.515 1
-1.212  7.980 1
 8.336  0.544 2
 1.940  2.955 1
11.111  4.137 2
 0.880  7.069 1
 1.216  3.280 1
 9.875  3.210 2
 3.885 -2.226 1
 1.943  2.034 1
 2.320  3.171 1
10.735  2.839 2
 1.913  2.617 1
 9.577  2.489 2
 3.113  2.097 1
10.668  3.324 2
 0.861  4.275 1
10.843  3.599 2
 9.560  3.180 2
10.974  3.437 2
 8.980  2.482 2
 3.278  1.091 1
 9.951  2.940 2
11.258  3.304 2
 2.302  2.421 1
 2.305  3.384 1
 1.982  3.327 1
 2.967  2.459 1
 2.761  3.075 1
 8.425  1.656 2
 3.075  1.538 1
 9.907  2.318 2
 1.059  6.165 1
 1.263  3.299 1
 8.479  0.860 2
 2.030  2.716 1
10.424  3.004 2
 1.853  3.313 1
 3.188  0.852 1
 0.716  5.486 1
 0.725  5.644 1
 0.950  3.799 1
 1.082  4.880 1
10.711  3.523 2
 9.633  3.692 2
10.501  2.457 2
 2.016  2.644 1
 2.862  2.088 1
