 4.688  1.891 2
 4.847  1.676 2
 4.878  1.987 2
 4.599  2.376 2
 2.480  2.162 1
 3.749  0.967 2
 2.895  2.913 1
 4.963  1.830 2
 5.770  2.452 2
 6.544  3.344 2
 4.006  0.507 1
 0.972  4.435 1
 2.812  1.398 1
 5.190  2.503 2
 2.240  2.182 1
 4.106  2.023 2
 3.848  0.344 2
 3.361  0.903 1
 3.120  0.926 1
 4.043  1.291 2
 5.130  1.887 2
 4.768  1.809 2
 3.796  1.430 2
 3.017  1.325 1
 1.951  3.929 1
 2.708  1.266 1
 2.817  1.793 1
 1.037  3.715 1
 0.619  5.911 1
 4.000  1.526 2
 4.351  0.223 2
 1.822  4.062 1
 1.501  2.717 1
 1.823  1.878 1
 1.679  3.017 1
 3.083  0.930 1
 3.806  1.707 2
 1.705  4.156 1
 3.462  0.673 2
 1.594  3.369 1
 6.649  3.135 2
 4.014  0.950 2
 2.955 -0.291 2
 0.893  4.926 1
 4.569  1.878 2
 1.922  3.181 1
 1.304  3.346 1
 3.374  0.899 1
 2.875  1.360 1
 3.891  1.071 2
 3.581 -0.190 2
 4.304  1.899 2
 1.827  3.807 1
 1.129  3.852 1
 0.417  4.103 1
 6.741  3.653 2
 4.965  2.351 2
 2.171  1.093 1
 5.692  1.601 2
 0.808  4.461 1
 2.329  3.148 1
 3.075  0.286 1
 1.577  3.594 1
 2.015  1.585 1
 2.310  2.973 1
 5.146  1.783 2
 4.849  0.769 2
 5.829  2.610 2
 0.426  4.344 1
 6.405  3.805 2
 1.358  3.495 1
-0.512  7.079 1
 4.949  2.867 2
 0.962  4.518 1
 2.746  0.141 2
 3.523  0.107 1
 2.811  2.534 1
 2.251  3.172 1
 1.861  3.568 1
 5.874  2.495 2
 2.500  1.281 1
 0.592  6.295 1
 2.906  1.347 1
 5.977  3.631 2
 4.723  1.020 2
 5.806  2.824 2
 1.898  4.131 1
 0.943  4.806 1
 2.991  2.474 1
 5.177  1.135 2
 5.081  2.211 2
 0.218  5.379 1
 4.430  1.338 2
 1.447  3.760 1
 1.091  5.393 1
 1.110  4.210 1
 2.356  2.157 1
 2.689  1.074 1
 3.539  0.687 2
 4.926  2.246 2
 6.074  4.199 2
 4.961  2.339 2
 0.805  4.050 1
 1.884  2.760 1
 5.658  2.662 2
 2.123  3.981 1
 2.593  1.980 1
 5.804  2.199 2
 6.218  2.795 2
 1.710  4.310 1
 4.594  1.186 2
 1.924  3.415 1
 5.734  2.518 2
 1.830  3.580 1
 4.092  0.773 2
 4.769  2.255 2
 6.049  3.070 2
 2.324  3.504 1
 4.012  1.172 2
 2.274  2.804 1
 5.033  1.399 2
 4.648  2.213 2
 1.046  5.124 1
 5.785  2.296 2
 1.687  3.843 1
 1.044  5.123 1
 4.421 -0.457 1
 1.994  2.327 1
 1.154  5.217 1
 4.710  1.501 2
 3.076  1.274 1
 3.708  0.574 1
 5.400  2.454 2
 4.305  1.457 2
 5.679  1.674 2
 1.800  3.064 1
 4.401  1.075 2
 1.351  4.017 1
 1.744  3.466 1
 0.835  4.802 1
 3.886 -0.248 1
 2.052  2.471 1
 5.085  1.597 2
 5.603  2.878 2
 4.764  1.179 2
 3.290  1.510 1
 1.156  4.645 1
 2.582  3.732 1
 3.721  0.373 2
 6.262  2.509 2
 4.605  0.755 2
 2.011  1.451 1
 3.839  1.296 2
 3.730 -0.553 1
 2.701  2.635 1
 5.592  3.127 2
 1.561  3.187 1
 5.023  2.265 2
 5.891  2.942 2
 3.695  0.971 2
 3.561  0.620 1
 5.727  2.219 2
 4.507  1.215 2
 2.310  2.516 1
 4.573  1.143 2
 4.444  0.304 1
 4.873  1.680 2
 2.425  0.873 1
 2.375  2.707 1
 1.765  3.720 1
 4.071 -0.046 2
 5.799  1.830 2
 1.362  2.785 1
 3.007  1.435 1
 1.562  2.037 1
 2.342  2.635 1
 2.059  2.029 1
 2.499  4.032 1
 4.990  2.508 2
 5.476  1.820 2
 4.829  3.135 2
 1.607  1.732 1
 2.310  3.562 1
 2.255  3.083 1
 1.536  4.109 1
 2.695  1.181 1
 2.272  1.914 1
 4.538  2.371 2
 3.021  1.964 1
 3.869  1.209 2
 5.424  1.496 2
 4.769  1.055 2
 3.519  2.379 1
 6.134  2.162 2
 5.318  1.653 2
 2.958  1.875 1
 2.150  3.414 1
 3.061  1.157 2
 0.759  5.329 1
 4.023  1.381 2
 4.822  0.886 2
 3.189  0.774 2
 3.083  0.630 1
 6.735  3.461 2
 5.930  3.202 2
 2.309  2.252 1
 4.577  0.909 2
 0.186  5.917 1
 4.905  1.763 2
 4.682  1.442 2
 2.111  3.392 1
 0.045  5.426 1
 0.996  4.229 1
 2.780  1.623 2
 3.094  1.110 1
 0.446  3.243 1
 5.183  1.321 2
 5.961  2.835 2
 4.587  1.191 2
 2.706  1.167 1
 1.715  3.794 1
 6.529  4.138 2
 3.454  1.641 1
 3.190  0.823 1
 2.753  2.905 1
 5.509  1.592 2
 5.565  3.213 2
 7.038  4.201 2
 5.692  2.801 2
 1.878  1.837 1
 6.204  4.382 2
 4.681  2.247 2
 3.219  2.155 1
 4.721  1.713 2
 0.952  5.006 1
 3.548  1.184 1
 0.191  5.111 1
 5.073  1.520 2
 3.812  1.033 2
 5.536  1.510 2
 1.284  4.329 1
 2.124  2.586 1
 5.852  2.483 2
 5.247  2.214 2
 5.977  3.700 2
 3.357  4.066 1
 5.117  1.382 2
 6.392  3.213 2
 3.341  1.411 1
 5.908  2.867 2
 6.226  3.148 2
 3.220  1.300 1
 3.443  2.089 1
 3.424  1.346 1
 1.627  3.154 1
 4.438  1.393 2
 1.310  4.545 1
 2.848  0.689 1
 3.874  1.870 2
 1.698  4.171 1
 0.679  5.571 1
 4.827  2.182 2
 0.582  4.734 1
 1.098  4.025 1
 4.547  0.792 2
 4.826  1.095 2
 1.527  2.887 1
 3.296  0.871 1
 0.930  4.968 1
 5.442  3.030 2
 4.693  1.458 2
 6.718  2.861 2
 4.922  2.322 2
 1.535  4.141 1
 0.737  4.239 1
 5.078  0.887 2
 4.679  2.194 2
 2.024  2.168 1
 2.987  0.876 1
 4.136  0.913 2
 4.814  0.137 2
 7.282  3.346 2
 2.287  0.417 1
 1.688  3.224 1
 4.172  1.943 2
 4.434  0.765 2
 5.120  1.708 2
 0.760  4.403 1
 2.568  3.415 1
 5.252  2.854 2
 4.239  1.956 2
 2.137  1.836 1
 6.421  3.119 2
 5.124  1.492 2
 3.432  1.040 1
 5.104  1.587 2
 2.714  2.625 1
 2.063  3.196 1
 3.964  2.117 2
 4.837  2.007 2
 5.075  3.019 2
 4.341  1.569 2
 3.063  1.406 1
 1.471  2.793 1
 4.774  1.692 2
 2.474 -0.268 2
 2.613  2.697 1
 0.770  3.788 1
 4.856  2.384 2
 1.439  4.240 1
 2.828  2.049 1
 2.485  3.214 1
 2.947  1.175 1
 6.221  3.065 2
 1.673  4.321 1
 4.832  1.422 2
 4.612  1.912 2
 4.957  2.566 2
 2.393  1.875 1
 2.612  0.054 1
 3.053  1.950 1
 2.103  3.393 1
 6.049  3.038 2
 4.078  1.357 2
 5.132  1.834 2
 0.691  5.202 1
 4.631  2.067 2
 3.420  2.116 1
 5.039  2.194 2
 5.415  2.307 2
 3.289 -0.680 1
 3.810  1.993 2
 1.540  3.435 1
 1.985  2.524 1
 2.264  1.491 1
 1.420  2.756 1
 3.638  1.381 2
 4.494  1.837 2
 1.499  4.323 1
 0.918  5.873 1
 3.715  0.404 2
 0.828  4.828 1
 2.099  2.680 1
 3.820  0.539 1
 2.466  1.814 1
 5.231  2.356 2
 5.610  2.149 2
 5.257  1.559 2
 2.686  1.746 1
 5.240  1.483 2
 5.099  2.717 2
 1.220  3.760 1
 5.376  1.950 2
 0.712  4.752 1
 1.038  3.810 1
 7.723  3.881 2
 0.955  4.064 1
 5.455  1.648 2
 2.661  1.958 1
 4.002  1.823 2
 2.772  1.580 1
 5.332  1.267 2
 3.896  0.920 2
 4.476  1.799 2
 3.728 -0.071 2
 3.911  1.235 2
 4.656  2.184 2
 0.143  4.822 1
 6.888  2.683 2
 0.998  4.460 1
 0.623  4.538 1
 4.673  2.193 2
 1.072  5.068 1
 6.714  2.952 2
 1.728  2.926 1
 0.819  4.040 1
 6.157  2.363 2
 6.774  3.224 2
 4.786  1.937 2
 3.028  2.306 1
 1.198  4.020 1
 3.188  0.884 2
 4.273  1.326 2
 2.632  3.207 1
 4.429  2.345 2
 3.274  0.060 1
 4.635  3.168 2
 0.752  5.959 1
 2.599  2.509 1
 2.308  2.476 1
 3.557  1.854 2
 4.953  2.182 2
 2.275  2.179 1
 1.525  5.570 1
 3.487  1.177 1
 6.756  4.350 2
 2.973  2.080 1
 5.597  2.229 2
 6.326  2.356 2
 4.213  2.163 2
 5.149  1.512 2
 4.614  2.767 2
 4.292  1.764 2
 3.316 -0.261 2
 6.048  1.187 2
 4.634  2.200 2
 1.432  4.337 1
 4.148  2.204 2
 3.676  0.647 2
 0.913  4.471 1
 4.461  0.646 1
 1.397  2.304 1
 5.936  1.857 2
 5.568  2.378 2
 2.287  3.831 1
 2.751  1.731 1
 3.470  2.581 1
 3.971  2.457 2
 1.638  2.261 1
 5.004  2.368 2
 4.536  1.515 2
 6.293  2.452 2
 3.909  0.456 2
 1.512  3.047 1
 5.813  3.684 2
 4.360  1.992 2
 3.917  2.066 2
 2.781 -0.055 2
 1.986  3.191 1
 5.771  2.286 2
 4.651  1.752 2
 0.009  6.245 1
 3.685  2.143 2
 3.898  0.811 2
 1.983  2.264 1
 2.188  3.037 1
 2.027  3.035 1
 3.277  1.038 1
 4.794  2.944 2
 4.162  1.001 2
 5.852  2.401 2
 4.231  1.088 2
 0.572  4.695 1
 3.305  0.998 1
 5.766  2.377 2
 3.086  1.436 1
 4.765  0.921 2
 5.796  1.539 2
 4.363  0.828 2
 2.488  2.466 1
 5.184  1.758 2
 2.571  3.366 1
 6.405  2.598 2
 1.618  3.076 1
 1.169  4.465 1
 4.490  1.381 2
 0.952  2.989 1
 1.370  3.996 1
 1.518  4.371 1
 1.217  4.678 1
 1.761  3.915 1
 3.799 -0.341 1
 4.995  1.459 2
 1.642  2.921 1
 4.620 -0.576 1
 4.412  2.032 2
 5.145  1.806 2
 3.886 -0.965 1
 5.360  2.295 2
 4.785  2.012 2
 1.830  2.773 1
 2.690  1.471 1
 3.106  1.432 1
 4.396  1.893 2
 5.576  2.987 2
 4.323  1.048 2
 4.193  1.916 2
 5.082  2.125 2
 5.153  1.879 2
 4.522  2.365 2
 5.434  2.188 2
 5.155  0.762 2
 5.234  2.683 2
 2.481  1.637 1
 2.807  1.691 1
 0.905  3.189 1
 1.523  5.245 1
 4.723  2.377 2
 6.518  2.498 2
 5.237  2.817 2
 0.420  7.059 1
 3.551  0.799 1
 5.959  3.257 2
 5.553  2.052 2
 1.277  4.568 1
 2.753  2.414 1
 3.572  1.209 1
 4.289  0.931 2
 5.708  2.183 2
 5.070  1.972 2
 1.358  4.847 1
 1.473  3.550 1
 5.410  2.201 2
 4.972  2.687 2
 6.786  3.835 2
 5.465  1.852 2
 1.975  2.983 1
 0.497  4.607 1
 5.798  2.812 2
 3.921  0.714 2
 5.162  2.041 2
 2.582  1.174 1
 1.122  4.243 1
 2.476  1.511 1
 2.718  3.339 1
 5.624  2.773 2
 5.778  3.436 2
 2.963  1.098 1
 2.946  1.459 1
 3.677  0.228 1
 3.967  0.317 2
 1.262  3.876 1
 4.852  1.932 2
 3.983  1.365 2
 1.157  2.274 1
 3.650  1.056 1
 2.437  1.179 1
 1.887  2.634 1
 4.922  2.831 2
 5.472  2.784 2
 2.648  0.150 1
 4.759  1.637 2
 1.786  3.011 1
 2.300  3.440 1
 4.991  1.260 2
 4.823  1.626 2
 1.588  4.124 1
 5.076  2.680 2
 6.494  3.226 2
 4.641  2.531 2
-0.130  5.713 1
 3.544  0.455 2
 5.499  2.016 2
 0.260  4.494 1
 3.455  2.466 1
 2.017  2.805 1
 4.986  3.082 2
 3.050  0.961 1
 1.522  3.601 1
 4.287  0.811 2
 5.015  1.755 2
 2.326  3.048 1
 4.628  2.419 2
 2.026  4.040 1
 2.520  2.701 1
 3.895  1.071 2
 2.275  3.557 1
 6.450  2.376 2
 4.856  2.522 2
 3.615  0.964 2
 6.836  3.734 2
 3.537  0.993 1
 1.255  4.321 1
 0.160  6.642 1
 3.250  1.454 1
 4.155  1.510 2
 4.954  1.419 2
 4.639  1.551 2
 2.912  0.083 2
 2.474  1.643 1
 4.309  2.223 2
 4.221  1.430 2
 3.694  1.119 2
 2.729  0.600 1
 5.221  2.324 2
 5.091  2.995 2
 4.355  0.957 2
 3.037  2.068 1
 4.391  2.971 2
 2.334  2.550 1
 1.430  3.941 1
 3.293  0.538 1
 5.696  2.245 2
 4.600  1.336 2
 1.248  4.242 1
 2.380  3.670 1
 4.886  1.912 2
 1.052  3.773 1
 5.706  2.864 2
 3.134  0.582 1
 7.157  4.519 2
 0.397  4.433 1
 1.706  2.546 1
 1.847  3.304 1
 2.306  1.887 1
 1.080  4.486 1
 4.505  0.805 1
 5.686  2.833 2
 3.901  0.752 2
 0.746  3.463 1
 5.369  3.645 2
 3.309  0.389 1
 1.153  3.987 1
 0.229  3.592 1
 4.227  1.326 2
 5.894  2.831 2
 0.665  4.182 1
 4.307  1.284 2
 1.007  6.157 1
 3.174  0.796 2
 4.684  2.027 2
 2.161  2.488 1
 2.843  0.886 1
 1.779  3.034 1
 4.030  1.980 2
 4.095  1.412 2
 0.751  4.679 1
 1.663  3.364 1
 2.472  3.406 1
 5.073  2.271 2
 2.605  2.653 1
 2.702  2.323 1
 1.122  4.940 1
 5.647  2.977 2
 5.178  2.078 2
 0.559  5.470 1
 1.390  4.497 1
 1.506  2.233 1
 7.772  2.741 2
 4.398  1.874 2
 1.582  3.884 1
 1.867  2.022 1
 3.631 -1.222 1
 1.755  3.643 1
 5.399  2.748 2
 2.414 -0.693 2
 0.299  5.925 1
 3.773 -0.063 2
 3.997  1.886 2
 0.749  4.432 1
 4.555  2.687 2
 5.099  2.455 2
 2.283  3.332 1
 0.905  5.268 1
 4.303  2.227 2
 2.742  2.087 1
 3.656 -1.266 1
 6.302  3.586 2
 1.937  2.101 1
 4.209  1.400 2
 4.236  0.229 2
 2.815  1.725 1
 2.113  3.404 1
 3.243  1.706 1
 4.326  0.883 2
 1.436  3.843 1
 4.176  1.736 2
 4.110  1.359 2
 2.061  1.475 1
 1.574  3.565 1
 6.262  2.721 2
 1.493  2.848 1
 5.358  1.627 2
 5.386  0.886 2
 6.149  3.721 2
 5.180  1.817 2
 3.745  2.078 1
 2.265  2.220 1
 0.466  5.083 1
 3.289  0.170 1
 5.206  2.395 2
 3.648  0.309 2
 5.394  1.990 2
 4.172  1.078 2
 2.616  1.318 1
 4.402  2.678 2
 5.161  1.389 2
 1.655  3.476 1
 5.099  1.960 2
 5.174  1.921 2
 4.899  1.815 2
 3.654  2.147 2
 7.030  3.796 2
 2.846  2.716 1
 2.441  2.259 1
 1.471  3.119 1
 4.564  1.632 2
 2.401  2.998 1
 2.580  3.286 1
 4.296  1.842 2
 1.897  3.980 1
 1.564  2.289 1
-0.828  8.348 1
 0.930  3.871 1
 5.313  1.196 2
 0.958  4.949 1
 4.186  0.764 1
 4.337  0.911 2
 5.409  2.859 2
 1.350  4.548 1
 1.537  2.918 1
 3.219  0.242 1
 6.005  2.884 2
 2.131  2.958 1
 5.042  1.825 2
 6.888  3.293 2
 4.271  0.713 2
 1.705  3.436 1
 3.748  1.565 2
 1.376  3.657 1
 1.049  5.350 1
 7.327  4.085 2
 3.706  0.524 2
 1.939  2.875 1
 1.935  4.453 1
 4.549  0.814 2
 6.282  2.949 2
 5.785  2.268 2
 6.252  3.293 2
 4.577  1.879 2
 4.689  1.135 2
 5.448  1.537 2
 5.725  2.944 2
 5.025  2.076 2
 4.391  0.560 2
 1.061  4.858 1
 4.728  1.127 2
 2.744  3.091 1
 1.904  2.942 1
 5.644  3.247 2
 5.989  2.365 2
 0.797  5.457 1
 6.014  2.587 2
 4.041  1.216 2
 4.962  2.034 2
 5.368  2.564 2
 5.164  1.593 2
 5.183  1.088 2
 5.843  2.291 2
 0.472  4.138 1
 3.767  1.032 2
 4.965  2.077 2
 3.485  0.343 2
 3.994  1.187 2
 1.898  3.977 1
 2.704  1.281 1
 5.898  3.632 2
 2.406  1.609 1
 1.667  3.495 1
 5.982  2.566 2
 4.668  1.971 2
 2.591  2.891 1
 0.752  5.412 1
 1.442  4.753 1
 3.704  1.877 2
 2.097  2.228 1
 5.000  2.064 2
 2.518  2.426 1
 0.672  3.188 1
 1.768  2.969 1
 1.409  5.689 1
 6.562  3.455 2
 1.585  3.062 1
 3.168  2.831 1
 4.477  2.094 2
 3.485  0.641 1
 3.004  1.730 1
 0.882  4.449 1
 5.110  2.315 2
 2.280  3.679 1
 4.964  1.339 2
 2.625  2.317 1
 3.271  0.510 2
 5.778  3.163 2
 3.952 -0.919 1
 2.792  0.756 1
 4.808  2.330 2
 2.453  3.308 1
 4.070  2.630 2
 0.367  5.596 1
 1.870  1.759 1
 3.355  0.909 2
 1.111  3.762 1
 5.120  0.678 2
 1.523  3.213 1
 1.466  2.871 1
 2.832  1.838 1
 2.158  1.825 1
 3.315  1.287 2
 3.937  1.237 2
 2.503  2.270 1
 1.838  4.182 1
 3.633  1.489 2
 4.635  2.374 2
 2.853  0.965 1
 1.578  3.695 1
 3.791  1.831 2
 1.295  3.617 1
 6.787  4.230 2
 1.166  3.024 1
 3.359  1.790 1
 3.455  1.320 2
 0.770  4.648 1
 4.028  1.384 2
 5.009  2.132 2
 4.036  1.236 2
 5.937  3.174 2
 3.387  1.456 2
 3.767 -0.207 1
 1.298  4.294 1
 4.191  0.994 2
 4.578  1.174 2
 1.247  3.918 1
 3.934 -0.387 1
 5.429  3.310 2
 2.449  3.187 1
 4.588  1.657 2
 5.151  2.050 2
 3.611  0.815 1
 0.416  6.863 1
 2.011  2.639 1
 4.870  2.375 2
 2.261  3.435 1
 1.195  3.852 1
 0.791  5.036 1
 2.259  3.260 1
 4.466  1.680 2
 2.370  2.539 1
 2.129  3.879 1
 5.253  2.387 2
 2.245 -1.181 2
 6.047  3.617 2
 4.734  2.741 2
 1.643  5.615 1
 2.533  2.395 1
 6.314  3.901 2
 3.301 -0.195 1
 4.374  0.597 2
 5.355  3.166 2
 1.009  4.873 1
 1.620  3.185 1
 1.896  5.331 1
 5.227  1.824 2
 2.115  2.521 1
 5.750  1.897 2
 2.639  1.770 1
 0.836  4.465 1
 4.955  1.794 2
 1.359  4.528 1
 1.193  3.680 1
 2.058  2.590 1
 4.336  0.983 2
 7.595  2.779 2
 2.017  0.610 1
 6.121  3.032 2
 3.676  1.685 2
 6.734  2.866 2
 6.913  2.813 2
 4.912  1.880 2
 3.892  1.164 2
 1.095  5.536 1
 1.416  4.341 1
 2.022  2.579 1
 1.181  4.510 1
 0.598  4.296 1
 3.295  0.759 1
 2.470  1.955 1
 1.691  5.052 1
 3.440  1.244 2
 2.651  2.802 1
 4.485  1.251 2
 1.607  5.147 1
 3.338  0.666 2
 2.288  2.611 1
 3.223  0.460 1
 4.007  0.655 2
 1.268  4.320 1
 5.458  1.812 2
 3.249 -0.309 2
 5.176  2.403 2
 0.955  4.076 1
 4.054  0.991 2
 2.364  3.029 1
 4.133  0.176 2
 3.835  0.780 2
 1.318  4.027 1
 5.149  1.547 2
 2.714  0.938 1
 2.328  2.206 1
 3.264  1.828 1
 2.174  0.891 1
 4.312  1.697 2
 1.879  2.464 1
 2.625  2.837 1
 1.192  2.991 1
 3.300  0.715 1
 3.943  1.098 2
 4.535  1.765 2
 1.688  2.878 1
 5.523 -3.136 1
 5.268  1.659 2
-1.250  8.031 1
 4.334  2.524 2
 5.665  2.516 2
 5.699  2.189 2
 2.905  1.198 1
 2.115  2.454 1
 2.128  3.496 1
 2.755  1.916 1
 2.903  2.176 1
 4.661  2.591 2
 2.613  2.367 1
 5.125  2.565 2
 2.002  2.460 1
 1.891  2.661 1
 1.655  2.496 1
 1.996  3.957 1
 0.896  4.559 1
 5.332  2.926 2
 5.952  2.629 2
 5.158  2.874 2
 2.072  1.480 1
 2.166  1.427 1
 1.903  1.748 1
 6.422  3.324 2
 1.598  2.180 1
 2.906  2.812 1
 6.158  3.435 2
 3.474 -0.380 2
 4.984  3.011 2
 1.524  2.980 1
 1.214  4.583 1
 4.376  1.127 2
 1.670  3.450 1
 7.175  4.327 2
 6.093  3.148 2
 5.150  1.873 2
 5.109  2.393 2
 2.098  2.908 1
 3.789  1.645 1
 1.701  3.632 1
 3.891  0.411 2
 2.877  1.109 1
 2.910  2.776 1
 4.801  1.935 2
 5.414  2.784 2
 0.482  5.458 1
 4.717  2.173 2
 2.412  2.294 1
 3.713  0.906 1
 1.517  2.933 1
 1.803  1.922 1
 3.068  2.024 1
 4.287  0.488 2
 5.116  2.531 2
 5.977  3.595 2
 4.488  1.824 2
 1.807  2.636 1
 3.236  1.677 1
 4.648  2.923 2
 1.811  1.877 1
 1.101  5.385 1
 3.706  1.176 1
 2.553  1.859 1
 4.753 -0.005 1
 6.403  2.743 2
 4.569  1.204 2
 2.035  1.420 1
 0.723  6.485 1
 5.379  2.314 2
 2.059  2.521 1
 2.545  1.764 1
 2.691  3.614 1
 0.634  5.586 1
 1.183  3.894 1
 1.610  1.994 1
 2.959  0.937 1
 3.334  0.174 2
 2.333  2.142 1
 2.675  1.323 1
 3.089  1.814 1
 6.687  2.830 2
 2.047  2.216 1
 6.274  3.378 2
-0.782  7.790 1
 1.822  3.068 1
 5.994  3.358 2
 2.115  1.850 1
 0.150  6.579 1
 1.840  4.606 1
 2.079  3.194 1
 6.931  3.943 2
 4.910  1.887 2
 5.547  2.379 2
 4.527  1.722 2
 2.363  2.943 1
 6.659  3.727 2
 2.144  3.595 1
 2.071  2.221 1
 6.627  2.604 2
 3.260  1.593 1
 2.696  1.066 1
 1.874  5.182 1
 5.133  2.490 2
 4.856  1.782 2
 4.254  2.538 2
 1.666  3.347 1
 3.280  0.093 2
 5.728  3.118 2
 5.441  2.250 2
 3.885  1.104 2
 5.344  2.551 2
 4.811  1.911 2
 2.141  3.595 1
 0.133  6.389 1
 4.774  1.902 2
 5.161  2.863 2
 5.319  2.295 2
 3.179  0.892 2
 4.506  2.089 2
 1.108  3.915 1
 2.942  1.942 1
 4.073  1.119 2
 1.590  4.069 1
 5.207 -3.117 1
 4.099  1.407 2
 5.144  3.259 2
 1.127  3.984 1
 5.399  2.178 2
 2.573  2.034 1
 4.391  2.086 2
 5.934  2.026 2
 4.805  2.840 2
 4.041  1.454 2
 5.461  2.250 2
 4.943  1.273 2
 3.657  0.262 2
 7.086  4.213 2
 5.263  2.423 2
 4.782  2.506 2
 1.540  3.717 1
 2.404  1.822 1
 4.222  0.780 2
 1.808  2.957 1
 7.105  3.650 2
 4.384 -0.706 1
 1.222  4.088 1
 3.382  0.744 2
 5.258  1.727 2
 4.081  1.635 2
 4.154  2.177 2
 0.388  3.635 1
 4.964  2.678 2
-1.276  5.708 1
 4.333  1.511 2
 5.438  3.584 2
 2.336  2.829 1
 5.339  2.273 2
 4.935  0.825 2
 3.728  1.119 1
 5.122  2.700 2
 3.492  1.283 2
 4.428  1.039 2
 2.050  4.212 1
 3.146  2.047 1
 1.376  3.649 1
 4.880  1.638 2
 1.791  2.652 1
 5.036  1.126 2
 5.825  1.892 2
 6.004  3.119 2
 4.901  3.102 2
 1.108  4.109 1
 2.132  3.018 1
 4.872  1.772 2
 4.462  1.567 2
 2.933  0.482 1
 2.191  3.883 1
 2.581  2.199 1
 4.712  1.741 2
 5.620  2.111 2
 0.285  5.766 1
 5.185  1.763 2
 5.563  2.353 2
 3.176  0.682 2
 5.162  1.232 2
 6.593  3.563 2
 1.525  3.574 1
 3.894  1.952 2
 1.917  3.884 1
 4.925  2.413 2
 5.760  2.577 2
 2.310  2.408 1
 0.860  6.579 1
 1.797  2.832 1
 3.943  0.880 2
 3.924 -0.269 1
 6.702  3.886 2
 2.123  1.173 1
 3.716  1.375 2
 4.184  0.323 2
 3.394  0.785 2
 3.392 -0.475 1
 1.918  3.594 1
 6.223  3.093 2
 5.172  1.625 2
 5.146  2.214 2
 1.975  3.578 1
 3.719 -0.262 2
 3.026  2.211 1
 1.256  4.735 1
 5.986  3.337 2
 5.177  2.626 2
 3.869  0.832 2
 5.687  2.998 2
 0.563  5.471 1
 1.760  1.675 1
 1.909  2.830 1
 4.813  1.102 2
 5.060  2.741 2
 0.884  4.248 1
 4.574 -1.403 1
 1.124  4.436 1
 4.286 -1.579 1
 4.211 -0.478 1
 0.220  5.435 1
 3.463  1.554 1
 4.159  0.658 2
 1.881  2.440 1
 1.639  3.410 1
 0.961  3.075 1
 4.953  1.747 2
 2.313  2.546 1
 3.014  2.078 1
 0.633  4.823 1
 2.274  1.326 1
 3.342  1.282 2
 3.164  1.800 1
 3.604  1.516 1
 2.474  3.251 1
 3.342  1.015 2
 6.053  2.206 2
 3.155 -0.241 1
 5.309  2.180 2
 6.141  2.891 2
 2.078  3.626 1
 3.533  0.007 1
 2.833  0.789 2
 1.725  3.929 1
 4.392  1.050 2
 4.115  1.632 2
 5.024  2.812 2
 0.199  5.471 1
 3.079  1.557 1
 4.112  1.950 2
 5.794  3.416 2
 5.921  2.836 2
 0.970  3.933 1
 4.928  1.350 2
 5.029  1.386 2
 1.478  3.741 1
 1.894  4.570 1
 4.912  1.294 2
 0.720  5.754 1
 2.882  1.592 1
 4.900  2.399 2
 5.225  1.312 2
 5.493  2.177 2
 2.004  3.323 1
 4.741  3.200 2
 3.594  0.735 2
 0.716  4.356 1
 5.371  1.733 2
 4.662  1.769 2
 6.497  3.102 2
 1.490  4.760 1
 3.356  0.487 1
 4.806  1.332 2
 4.121  1.349 2
 4.431  0.840 2
 4.725  1.758 2
 0.019  5.697 1
 2.084  2.079 1
 6.698  3.448 2
 3.797 -0.728 1
 4.435  2.546 2
 3.915  0.868 2
 0.448  6.453 1
 2.125  1.306 1
 0.376  5.182 1
 1.562  3.517 1
 4.959  1.703 2
 3.308  0.566 1
 4.380  2.137 2
 0.095  5.277 1
 5.489  2.532 2
 5.843  2.451 2
 1.458  4.136 1
 4.839  2.588 2
 1.880  2.907 1
 3.983  0.505 2
 2.005  3.221 1
 4.571  1.720 2
 3.606  1.889 2
 4.525  1.189 2
 1.400  4.401 1
 2.083  1.038 1
 0.396  5.631 1
 4.714  2.167 2
 5.542  2.006 2
 7.286  4.328 2
 3.711  0.241 1
 1.751  4.287 1
 1.015  5.428 1
 1.280  2.701 1
 2.430  1.959 1
 5.495  2.582 2
 2.670  1.620 1
 4.056  1.022 2
 2.943  0.743 1
 1.291  4.677 1
 4.460  0.830 2
 3.168  0.593 2
 5.841  3.148 2
 3.535 -0.393 1
 3.006  1.363 1
 2.824  1.303 1
 1.702  2.455 1
 2.003  2.721 1
 3.383  1.084 2
 5.164  2.717 2
 2.911  2.458 1
 6.944  3.979 2
 2.323  2.226 1
 3.408  1.734 2
 5.024  1.769 2
 3.410  0.607 2
 0.737  4.711 1
 5.729  3.254 2
 1.680  4.294 1
 3.283  0.996 2
 2.454  1.817 1
 2.798  2.854 1
 4.670  2.446 2
 2.005  3.838 1
 2.334  2.976 1
 2.114  3.053 1
 4.035  2.222 2
 1.767  2.527 1
 3.403  0.386 2
 3.105  0.247 1
 3.250  0.784 1
 4.102  0.509 2
 3.369  1.192 1
 2.023  3.610 1
 5.413  2.266 2
 6.352  2.814 2
 5.009  2.447 2
 1.324  3.325 1
 5.458  3.112 2
 5.686  4.022 2
 2.644  2.007 1
 5.035  1.553 2
 4.639  1.894 2
 3.810  0.549 2
-0.453  6.173 1
 1.695  2.180 1
 3.770 -1.439 1
 4.596  1.257 2
 2.139  2.974 1
 1.673  5.119 1
 5.218  0.707 2
 2.828  1.532 1
 4.807  1.786 2
 4.809  1.991 2
 6.015  2.806 2
 4.513  0.659 2
 1.166  4.349 1
 1.493  4.100 1
 2.458  3.816 1
 3.447  0.342 1
 5.575  2.588 2
 2.558  1.589 1
 2.968  2.623 1
 2.740  1.908 1
 2.091  2.486 1
 4.311  0.896 2
 5.645  1.730 2
 4.906  2.505 2
 5.946  3.001 2
 4.279  1.355 2
 4.965  2.025 2
 4.737  1.849 2
 1.457  4.531 1
 4.289  1.633 2
 4.215 -1.239 1
-0.693  6.641 1
 4.851  0.818 2
 4.896  1.646 2
 0.858  3.525 1
 1.425  3.436 1
 1.425  5.158 1
 3.990  0.977 2
 5.648  1.418 2
 0.472  6.020 1
 3.248  1.975 1
 4.460  2.019 2
 2.513  2.177 1
 3.203  0.819 1
 0.308  5.599 1
 3.722  1.000 2
 5.291  3.095 2
 6.419  3.581 2
 7.375  2.807 2
 5.968  2.642 2
 0.692  5.803 1
 4.540  1.027 2
 2.113  2.017 1
 3.734  0.754 2
 5.334  2.116 2
 6.696  3.224 2
 0.900  4.334 1
 7.022  3.295 2
 2.682  1.339 1
 3.543  0.914 2
 2.488  1.362 1
 0.899  4.411 1
 5.166  1.512 2
 5.672  2.377 2
 1.672  4.550 1
 2.568  1.293 1
 1.275  7.525 1
 1.852  2.308 1
 3.646  1.281 1
 3.356  0.419 2
-1.024  8.333 1
 2.860  2.594 1
 5.061  1.621 2
 3.360  0.618 1
 3.845 -0.076 2
 4.921  1.846 2
 1.980  2.657 1
 5.400  2.946 2
 3.127  0.208 1
 4.605  0.562 2
 1.576  3.492 1
 1.309  5.229 1
 4.124  1.635 2
 1.959  3.129 1
 2.130  2.763 1
 5.873  2.036 2
 5.938  2.287 2
 1.491  3.752 1
 4.027  0.506 2
 1.749  5.016 1
 2.681  2.886 1
 0.485  5.114 1
 5.685  2.218 2
 6.232  3.463 2
 1.343  3.133 1
 4.232 -0.240 1
 2.235  2.065 1
 6.368  4.421 2
 2.192  2.738 1
 3.108  0.842 1
 4.810  1.243 2
 6.393  4.294 2
 4.899  2.330 2
 7.145  3.803 2
 1.754  3.621 1
 5.743  2.372 2
 5.300  2.714 2
 1.323  3.522 1
 2.503  2.256 1
 4.462  1.773 2
 3.546  2.254 2
 6.073  3.706 2
 4.835  2.052 2
 3.477  0.926 2
 1.822  3.594 1
 2.945  2.115 1
 5.031  2.333 2
 5.601  2.496 2
 2.579  2.711 1
 3.363 -0.567 1
 3.722  0.311 2
 4.520  2.528 2
 2.625  2.147 1
 1.691  3.616 1
 5.611  2.651 2
 3.809  1.431 2
 5.037  1.898 2
 1.237  4.983 1
 0.003  4.559 1
 5.974  3.193 2
 5.052  2.601 2
 6.602  3.457 2
 5.291  2.387 2
 4.056  2.567 2
 1.738  2.736 1
 4.799  1.703 2
 3.214  0.790 1
 3.117  2.654 1
 4.530  2.495 2
 4.613  1.469 2
 1.645  3.648 1
 5.774  2.722 2
 4.479 -0.781 1
 5.285  2.434 2
 2.406  2.762 1
 5.738  2.439 2
 1.066  4.335 1
 3.464  0.376 1
 4.050  0.785 2
 2.614  2.093 1
 6.039  2.780 2
 3.088  2.073 1
 2.068  2.478 1
 2.641  1.623 1
 1.994  3.974 1
 1.417  2.681 1
 4.801  1.957 2
 1.256  4.606 1
 4.207  0.410 2
 5.782  2.602 2
 3.910  1.106 2
 5.443  2.134 2
 2.604  3.085 1
 2.311  2.628 1
 0.773  4.815 1
 4.903  1.454 2
 3.873 -0.302 1
 1.292  3.672 1
 4.963  1.062 2
 1.875  3.736 1
 4.268  1.856 2
 2.844  1.574 1
 2.667  1.409 1
 3.537  0.342 2
 4.417  2.304 2
 0.848  4.076 1
 5.951  2.341 2
 1.420  3.420 1
 4.874  1.662 2
 2.748 -1.357 2
 5.098  2.534 2
 5.669  3.242 2
 0.346  4.852 1
 4.487  1.326 2
 2.435  1.791 1
 4.444 -0.909 1
 5.706  2.422 2
 4.799  1.430 2
 5.203  2.891 2
 5.768  2.177 2
 3.655  0.933 1
 5.315  1.585 2
 1.725  1.638 1
 5.141  3.374 2
 4.812  1.878 2
 5.129  3.105 2
 6.622  3.080 2
 2.031  2.436 1
 1.927  2.796 1
 1.199  3.303 1
 4.693  1.871 2
 1.956  4.451 1
 2.287  2.560 1
 2.705  2.299 1
 4.884  1.657 2
 5.900  2.865 2
 5.150  2.053 2
 5.038  1.246 2
 2.041  3.483 1
 2.932  0.995 1
 1.035  5.594 1
 1.490  3.803 1
 3.685  0.831 2
 5.060  2.357 2
 2.464  2.212 1
 0.548  4.757 1
 5.105  0.830 2
 4.940  1.252 2
 0.199  6.702 1
 2.480  2.865 1
 5.546  2.194 2
 4.229  0.427 2
 4.526  0.523 2
 4.983  1.799 2
 0.741  4.428 1
 1.218  4.815 1
 1.685  2.682 1
 1.640  4.738 1
 2.353  1.747 1
 5.555  2.160 2
 3.859  1.112 2
 6.351  2.607 2
 6.688  3.232 2
 5.149  2.851 2
 5.325  2.468 2
 7.335  5.067 2
 2.208  2.831 1
 4.656  1.690 2
 1.654  2.551 1
 2.059  2.909 1
 2.041  3.962 1
 4.465  2.530 2
 6.033  2.846 2
 3.025  0.639 1
 5.526  3.723 2
 3.480  0.917 1
 5.171  1.951 2
 1.708  3.616 1
 4.865  1.571 2
 1.767  4.959 1
 5.491  2.718 2
 6.038  3.914 2
 4.227  1.167 2
 5.780  2.849 2
 4.093  0.195 2
 2.676  1.653 1
 1.695  4.346 1
 2.128  2.806 1
 1.573  3.892 1
 4.960  2.243 2
 5.743  2.535 2
 2.023  0.591 1
 4.044  1.822 2
 2.414  1.984 1
 4.062  2.008 2
 5.391  2.097 2
 6.655  3.986 2
 3.642  0.074 1
 4.661  0.344 1
 4.717  1.584 2
 5.313  1.907 2
 4.688  2.005 2
 3.160  0.835 1
 4.781  2.262 2
 4.153 -0.478 2
 3.495 -0.206 2
 6.038  1.619 2
 2.406  3.463 1
 0.387  6.095 1
 1.555  2.230 1
 2.531  4.139 1
 4.645  3.079 2
 3.560  2.405 2
 2.233  3.003 1
 4.975  1.696 2
 1.903  3.152 1
 2.805  2.241 1
 2.091  3.266 1
 2.653  2.061 1
 4.959  1.838 2
 6.314  3.348 2
 1.194  4.328 1
 5.742  2.372 2
 5.158  1.509 2
 6.660  4.403 2
 2.915  2.683 1
 2.907  0.698 2
 5.613  2.831 2
 3.111  2.710 1
 1.542  3.285 1
 4.959  2.307 2
 4.715  0.515 2
 5.248  1.852 2
 2.448  1.659 1
 4.456  1.285 2
 2.389  2.382 1
 5.216  1.790 2
 3.251 -0.371 2
 1.420  3.079 1
 2.021  3.182 1
 2.136  2.872 1
 5.809  3.414 2
 2.895  1.935 1
 2.943  1.425 2
 1.230  3.845 1
 5.295  2.297 2
 2.400  2.904 1
 3.891  1.918 2
 3.165  2.662 1
 4.377  1.745 2
 5.453  2.776 2
 5.119  1.697 2
 6.570  2.586 2
 0.998  4.345 1
 3.337  1.648 2
 2.024  4.713 1
 3.867  0.648 2
 3.158  0.406 2
 6.079  3.062 2
 1.061  5.931 1
 3.722  0.787 2
 2.980  1.190 1
 1.098  3.628 1
 2.378  3.295 1
 1.315  4.725 1
 3.971  1.059 2
 5.545  2.388 2
 3.932  0.761 2
 6.830  3.032 2
 1.582  4.179 1
 3.638  1.174 1
 5.842  3.333 2
 2.211  3.147 1
 5.032  1.196 2
 2.525  2.035 1
 6.456  3.475 2
 0.523  6.259 1
 4.570  1.892 2
 7.735  3.284 2
 2.319  0.719 1
-0.050  6.765 1
 2.398  2.705 1
 2.788  1.958 1
 2.588  1.327 1
 0.340  6.700 1
 6.191  1.504 2
 1.996 -1.279 2
 4.097  0.564 2
 1.602  2.855 1
 3.156 -0.470 2
 4.000 -0.096 2
 1.754  3.684 1
 5.664  2.297 2
 5.022  3.166 2
 4.013  0.961 2
 2.263  1.481 1
 4.515  1.430 2
 1.921  2.786 1
 4.469  1.760 2
 2.283  4.071 1
 2.469  2.141 1
 2.323  2.301 1
 5.258  1.949 2
 5.039  1.586 2
 4.365  1.925 2
 5.869  2.194 2
 1.913  2.813 1
-0.378  7.868 1
 1.570  3.955 1
 6.613  3.670 2
 5.384  2.155 2
 2.167  3.389 1
 5.042  2.031 2
 2.831  2.311 1
 2.004  2.556 1
 1.728  3.165 1
 1.622  3.041 1
 6.997  3.756 2
 5.812  2.745 2
 4.862  1.784 2
 2.666  2.701 1
 3.454  0.750 2
 6.927  3.563 2
 2.391  1.943 1
 4.054  1.235 2
 5.855  2.725 2
 5.623  2.955 2
 6.978  3.710 2
 1.752  3.100 1
 4.464  1.795 2
 5.783  2.777 2
 5.222  2.467 2
 6.848  4.077 2
 6.688  3.689 2
 4.308  0.598 2
 3.095  1.474 1
 1.439  4.646 1
 3.345  2.091 1
 3.142  0.864 1
 2.313  2.402 1
 6.244  2.958 2
 3.116  0.922 1
 2.130  3.357 1
 4.820  1.494 2
 1.968  2.586 1
 1.457  4.268 1
 1.850  3.150 1
 4.134  2.312 2
 5.006  2.398 2
 6.040  2.458 2
 3.472 -0.092 2
 3.473 -0.127 2
 4.199  1.030 2
 4.600  0.939 2
 2.633  1.545 1
 5.131  2.374 2
 6.965  4.308 2
 4.066 -2.418 1
 2.262  1.990 1
 1.828  2.716 1
 2.728  0.452 1
 1.077  4.281 1
 2.317  3.372 1
 7.472  4.064 2
 2.237  3.643 1
 1.570  3.165 1
 4.634  2.283 2
 4.346  1.678 2
 0.510  4.375 1
 4.564  1.460 2
 5.001  2.844 2
 2.283  3.160 1
 6.058  2.276 2
 5.905  3.400 2
 2.375  0.497 1
 3.606  0.958 1
 4.653  1.589 2
 3.351 -0.032 2
 2.086  2.333 1
 5.229  2.034 2
 1.995  4.297 1
 1.657  2.147 1
 1.597  3.451 1
 1.890  4.337 1
 0.722  4.586 1
 4.091  0.588 2
 2.741  2.877 1
 3.955  1.307 2
 4.908  2.968 2
 2.142  2.658 1
 1.095  3.740 1
 0.140  4.173 1
 4.227  2.118 2
 4.870  0.794 2
 1.963  2.994 1
 0.753  5.488 1
 4.190  1.029 2
 2.977  1.338 1
 1.915  2.437 1
 1.483  4.009 1
 4.190  2.094 2
 1.965  3.341 1
 2.089  2.142 1
 1.336  4.362 1
 2.096  2.962 1
 0.064  6.392 1
 5.031  3.151 2
 5.148  2.831 2
 5.264  2.234 2
 4.676  2.038 2
 2.095  4.002 1
 1.945  2.829 1
 1.694  3.081 1
 6.540  3.429 2
 3.281  1.217 1
 6.366  3.353 2
 5.752  3.386 2
 1.833  3.626 1
 6.444  2.921 2
 1.690  3.305 1
 1.405  5.477 1
 2.105  2.945 1
 0.540  4.739 1
 3.551  1.482 2
 2.856  1.959 1
 0.854  3.653 1
 1.810  3.593 1
 4.398  1.795 2
 4.961  1.653 2
 6.049  3.070 2
 2.350  2.268 1
 1.023  4.548 1
 2.877  2.572 1
 0.857  3.391 1
 1.745  2.603 1
 4.507  1.016 2
 3.130  0.673 1
 5.122  2.894 2
 2.909  0.849 1
 1.508  2.654 1
 4.769  2.377 2
 3.947  0.685 2
 1.653  4.525 1
 3.185  0.855 1
 2.429  3.846 1
 4.364  2.713 2
 2.051  3.917 1
 2.129  1.884 1
 4.087  0.642 2
 1.371  4.134 1
 1.948  3.269 1
 2.545  2.730 1
 5.966  2.424 2
 4.024  1.506 2
 0.349  5.461 1
 0.949  4.209 1
 0.477  6.707 1
 1.195  2.978 1
 0.133  5.481 1
 1.802  2.765 1
-0.241  6.673 1
 3.572  0.767 2
 3.809  0.906 1
 5.860  2.207 2
 5.796  1.916 2
 2.467  2.080 1
 4.764  2.467 2
 5.592  2.945 2
 2.700  2.092 1
 4.477  1.898 2
 4.524  1.702 2
 1.349  3.944 1
 0.493  4.296 1
 4.647  1.617 2
 0.108  5.906 1
 0.938  4.192 1
 2.685  0.525 1
 0.213  6.597 1
 6.207  3.372 2
 0.602  5.014 1
 2.349  2.841 1
 2.297  2.642 1
 5.814  2.634 2
 4.692  1.632 2
 2.977  3.138 1
 4.046 -0.059 2
 5.219  2.519 2
 3.230  0.868 2
 1.869  3.090 1
 3.532 -0.086 1
 0.519  5.493 1
 4.890  1.351 2
 6.661  1.705 2
 1.613  2.414 1
 1.563  5.014 1
 1.447  4.321 1
 1.188  2.991 1
 4.823  1.668 2
 2.798  0.463 1
 6.220  2.711 2
 1.794  4.448 1
 5.364  2.128 2
 2.050  3.051 1
 6.626  3.795 2
-0.118  6.775 1
 5.903  2.665 2
 3.785  1.560 2
 4.018  1.114 2
 4.053  1.338 2
 5.875  2.804 2
 0.555  4.582 1
 0.889  3.717 1
 1.889  2.360 1
 6.510  2.028 2
 1.206  4.035 1
 2.131  1.936 1
 2.927  2.726 1
 5.247  1.412 2
 4.121  0.382 2
 1.622  4.226 1
 2.984  1.824 1
-0.412  6.713 1
 6.207  1.996 2
 0.916  4.564 1
 2.075  3.075 1
 3.642  0.454 2
 5.448  2.121 2
 6.012  2.262 2
 1.934  3.221 1
 6.392  2.533 2
 2.813  0.401 2
 3.909  0.444 2
 2.006  3.568 1
 3.586  1.304 2
 4.032  1.594 2
 1.597  2.430 1
 3.055  0.409 1
 6.164  4.196 2
 0.990  6.237 1
 3.797  0.675 2
 4.485  1.570 2
 2.172  1.405 1
 3.108 -0.122 1
-0.550  5.747 1
 2.422  2.574 1
 2.169  2.715 1
 4.003  1.383 2
 5.638  1.596 2
 4.818  1.945 2
 5.016  2.137 2
 4.785  1.738 2
 6.110  2.246 2
 1.848  2.889 1
 5.310  1.808 2
 3.569  0.432 2
 5.306  3.393 2
 4.789 -1.013 1
 3.732  1.659 2
 4.710  2.338 2
 4.567  1.879 2
 3.043  0.459 1
 5.286  1.830 2
 3.027  2.100 1
 1.026  4.871 1
 3.398  0.385 1
 1.256  3.851 1
 3.236  1.290 1
 1.850  3.534 1
 5.163  1.945 2
 6.465  3.226 2
 0.566  5.421 1
 3.251  0.055 2
 1.912  2.640 1
 2.020  1.778 1
 2.111  1.882 1
 6.048  2.968 2
 5.887  3.139 2
 3.307 -0.014 2
 3.928  0.902 2
 2.152  3.768 1
 4.443  2.416 2
 4.967  1.761 2
 5.770  3.424 2
 2.215  2.436 1
 2.509  1.856 1
 5.237  0.773 2
 4.546  1.930 2
 5.344  3.386 2
 5.585  2.384 2
 0.555  5.970 1
 6.193  2.965 2
 3.404  1.134 1
 1.048  3.144 1
 2.910  1.809 1
 4.859  3.202 2
 6.068  2.807 2
 5.605  2.825 2
 5.209  0.953 2
 2.147  2.700 1
 2.586  1.821 1
 5.220  2.166 2
 1.346  4.772 1
 6.557  3.527 2
 6.240  3.229 2
 5.292  3.401 2
 6.812  4.373 2
 4.262 -1.424 1
 4.497  1.650 2
 3.639  0.375 2
 2.656  3.002 1
 1.243  3.347 1
 2.614  3.595 1
 4.133  2.177 2
 6.151  2.487 2
 5.205  2.526 2
 4.190  0.886 2
 3.324  1.617 1
 5.502  2.552 2
 4.791  1.062 2
 3.893  1.768 2
 2.648  2.794 1
 2.324  1.366 1
 3.930  1.041 2
 3.391 -0.923 1
 4.019 -0.176 2
 6.097  3.184 2
 6.011  2.007 2
 2.581  0.493 1
 4.185  2.194 2
 6.435  2.746 2
 1.018  5.064 1
 6.545  2.961 2
 2.036  2.903 1
 5.516  3.135 2
 2.462  3.326 1
 5.963  3.646 2
 5.147  1.359 2
 3.128 -0.243 2
 1.985  4.095 1
 0.778  6.262 1
 1.683  2.678 1
 6.235  3.996 2
 4.786  1.416 2
 4.455  1.823 2
 1.936  3.283 1
 1.998  3.952 1
 3.165  0.980 1
 4.865  1.789 2
-0.790  7.356 1
 4.483  2.187 2
 1.576  2.548 1
 1.852  3.945 1
 2.178  1.103 1
 5.237  2.475 2
-0.194  6.052 1
-0.373  6.966 1
 4.725  1.570 2
 1.576  4.434 1
 4.369  2.198 2
 5.231  1.347 2
 1.006  5.011 1
 5.385  2.981 2
-0.787  5.341 1
 3.945  0.879 2
 4.727  1.493 2
