10.949  3.287 2
10.769  2.778 2
 1.868  4.082 1
 0.744  3.450 1
11.559  2.596 2
 9.128  3.515 2
 4.250  4.105 1
 9.455  3.526 2
 9.882  2.043 2
 3.355  3.583 1
 2.382  2.362 1
 3.411  2.967 1
 2.740  2.988 1
 2.374  3.027 1
10.596  2.801 2
 1.819  2.266 1
 3.431  4.122 1
 1.484  3.445 1
 2.133  3.545 1
 8.870  2.913 2
 2.759  3.753 1
 2.349  3.629 1
 4.235  3.279 1
 9.248  2.219 2
 7.302  3.011 2
11.300  4.044 2
 2.524  3.931 1
 0.876  3.113 1
 2.052  3.944 1
 1.753  2.762 1
12.460  3.204 2
 0.801  3.709 1
 2.621  2.900 1
12.441  2.615 2
11.010  2.487 2
 1.928  2.714 1
 9.600  2.041 2
 8.386  2.646 2
10.139  2.937 2
 9.067  2.420 2
 9.124  3.395 2
10.731  1.968 2
10.208  3.605 2
 9.656  4.253 2
 8.741  4.119 2
10.441  2.494 2
 1.539  4.043 1
 1.243  2.220 1
 8.840  2.849 2
 4.116  3.584 1
10.575  3.213 2
 9.851  3.064 2
10.654  3.155 2
 1.983  2.651 1
 1.398  2.675 1
11.371  4.562 2
10.801  3.271 2
 9.223  3.862 2
-0.095  2.755 1
 7.998  3.007 2
 2.792  2.382 1
 2.212  4.020 1
 8.975  2.714 2
12.464  2.978 2
 7.175  3.138 2
 2.854  2.921 1
 3.301  3.984 1
 1.553  2.776 1
 2.196  2.647 1
 1.934  2.988 1
 0.847  3.789 1
 3.300  3.213 1
 2.563  3.824 1
10.438  2.643 2
 2.323  2.077 1
 1.748  3.186 1
 0.264  2.782 1
 9.910  3.625 2
10.891  3.932 2
 9.243  2.817 2
 9.824  3.903 2
 9.343  1.396 2
 9.489  2.945 2
-2.535  2.864 1
 2.984  3.802 1
 0.772  3.028 1
 9.706  2.910 2
11.605  3.300 2
-1.472  2.162 1
 3.593  2.279 1
 2.423  2.321 1
 1.487  3.780 1
 7.893  3.490 2
 2.504  4.222 1
 6.314  2.819 1
10.635  3.391 2
 9.652  4.085 2
 9.210  3.241 2
12.230  3.254 2
 9.318  3.336 2
 1.535  2.960 1
 3.211  1.332 1
11.504  2.906 2
 1.054  3.301 1
 0.827  1.679 1
 3.621  1.970 1
11.633  2.886 2
 1.817  2.909 1
 1.921  1.747 1
 2.370  3.823 1
 8.617  4.154 2
 9.048  4.354 2
10.577  3.404 2
 7.933  3.792 2
12.098  2.627 2
 2.412  2.485 1
-0.426  4.105 1
 2.256  3.286 1
 3.572  1.688 1
10.830  2.711 2
 7.564  3.163 2
 1.875  2.626 1
10.050  3.523 2
 1.486  1.744 1
 8.746  2.415 2
 1.599  1.300 1
 7.509  2.135 2
 8.087  3.217 2
 3.225  3.821 1
10.480  3.562 2
 4.066  3.589 1
 9.156  4.270 2
 9.996  4.529 2
12.171  2.678 2
11.901  2.859 2
 8.451  2.038 2
 1.161  3.745 1
 5.245  3.035 1
 1.766  2.381 1
 2.952  2.959 1
11.467  4.232 2
 0.280  3.850 1
 9.183  3.490 2
 2.278  3.622 1
 3.153  2.669 1
 2.940  2.876 1
 1.661  1.993 1
 0.024  2.437 1
11.871  4.546 2
 0.639  2.833 1
 2.744  3.826 1
 4.292  3.100 1
 4.069  3.106 1
 9.583  3.625 2
 7.231  3.122 2
 2.463  2.917 1
 1.635  3.234 1
 3.493  4.130 1
-0.652  3.265 1
 0.471  2.909 1
12.581  3.006 2
 3.028  3.000 1
 2.548  2.311 1
 2.147  2.820 1
 0.509  2.311 1
 5.289  4.294 1
-0.541  3.253 1
10.963  2.292 2
 2.773  3.246 1
 2.676  2.718 1
13.159  2.448 2
 1.218  2.688 1
 0.906  3.543 1
11.900  3.628 2
 8.287  4.281 2
11.818  3.503 2
10.257  3.060 2
11.140  3.608 2
-0.561  3.034 1
 1.481  3.175 1
12.619  2.458 2
 9.231  4.237 2
10.321  3.039 2
10.646  3.279 2
 0.505  4.589 1
 0.464  2.503 1
 8.988  2.937 2
 7.909  4.542 2
 7.318  2.270 2
13.755  4.049 2
 1.389  3.289 1
10.273  3.343 2
 1.617  2.100 1
 0.362  4.199 1
 3.425  2.115 1
 1.514  2.533 1
 9.732  3.230 2
 1.612  4.357 1
 2.595  2.465 1
10.414  1.418 2
 2.466  3.137 1
 4.919  3.896 1
 9.290  2.779 2
 1.298  1.896 1
10.497  2.766 2
 9.176  2.270 2
 2.252  3.050 1
 2.487  2.877 1
11.769  3.060 2
 9.509  4.417 2
 9.585  3.392 2
 0.537  3.123 1
 2.108  1.721 1
 1.440  1.691 1
 2.293  3.111 1
10.352  3.157 2
 3.042  4.442 1
 2.163  3.283 1
 1.638  2.386 1
 9.150  2.014 2
12.057  4.565 2
 1.684  1.583 1
 3.213  3.896 1
11.078  3.943 2
10.223  3.641 2
 9.657  3.595 2
 2.689  2.954 1
10.553  2.716 2
 0.296  3.102 1
10.021  3.674 2
 1.064  3.608 1
 8.366  3.324 2
10.689  3.136 2
 1.985  4.957 1
 8.806  2.541 2
-0.503  2.579 1
10.541  3.236 2
10.137  1.896 2
 3.970  3.577 1
10.043  3.194 2
 2.190  2.039 1
 3.217  3.467 1
 9.213  3.444 2
 9.235  3.000 2
10.641  2.177 2
 4.047  3.001 1
 9.629  2.501 2
 1.505  2.619 1
 2.440  3.116 1
 0.631  3.697 1
11.489  1.111 2
 8.368  2.656 2
 9.979  1.962 2
13.370  2.429 2
 8.560  4.170 2
 9.988  1.678 2
 3.756  3.430 1
11.397  2.649 2
 8.427  2.945 2
 2.322  2.527 1
 1.313  2.606 1
 3.396  1.970 1
 2.084  2.708 1
 3.161  3.527 1
 2.145  3.949 1
10.097  2.816 2
11.287  4.013 2
11.273  2.909 2
 2.151  2.927 1
 0.954  3.426 1
 9.207  1.735 2
 4.520  2.475 1
10.428  3.066 2
 2.290  2.669 1
 8.290  2.974 2
 3.030  2.352 1
 6.275  3.600 2
11.144  3.590 2
 8.057  2.713 2
10.912  3.159 2
 9.298  3.242 2
11.798  3.667 2
10.074  1.483 2
11.382  3.138 2
 4.773  3.137 1
 2.128  2.977 1
 9.036  3.560 2
 2.097  3.007 1
 2.411  1.817 1
11.224  2.804 2
10.394  2.269 2
 1.879  1.980 1
 8.860  2.782 2
 2.635  2.902 1
10.790  3.025 2
11.505  3.794 2
 1.490  3.682 1
 4.365  4.406 1
13.312  3.382 2
11.334  2.215 2
 9.571  3.196 2
11.717  2.680 2
10.997  3.476 2
 4.246  2.509 1
10.156  1.939 2
 8.194  2.557 2
 8.952  2.856 2
10.375  3.562 2
 1.556  2.521 1
 8.453  3.319 2
11.801  2.860 2
 2.107  1.975 1
 2.556  3.161 1
 3.153  3.035 1
11.347  2.449 2
 9.318  1.807 2
 9.223  3.753 2
10.518  4.149 2
 9.114  3.172 2
 9.778  3.176 2
13.028  2.893 2
-0.590  2.184 1
10.660  3.706 2
10.350  2.214 2
11.156  2.965 2
 2.698  2.935 1
 2.503  2.136 1
 1.633  2.879 1
11.931  4.059 2
 1.883  2.397 1
 9.959  2.968 2
12.780  1.421 2
 9.801  2.787 2
12.322  3.150 2
 9.895  3.426 2
 1.877  3.310 1
 3.933  3.144 1
-0.844  2.678 1
 7.583  2.714 2
 0.196  3.082 1
10.569  4.265 2
 8.974  2.909 2
12.740  2.421 2
 2.529  3.569 1
 8.423  2.825 2
 8.695  3.054 2
 0.891  1.924 1
 3.109  2.795 1
 3.776  2.736 1
10.782  3.064 2
 7.347  2.843 2
 3.132  2.698 1
12.491  2.764 2
10.977  2.816 2
 8.564  2.465 2
10.258  3.859 2
 0.610  3.537 1
10.069  2.365 2
11.951  2.585 2
 2.146  2.331 1
 2.433  2.290 1
 1.574  2.713 1
 3.170  2.900 1
12.496  3.516 2
 1.634  4.407 1
10.911  2.980 2
 3.735  2.431 1
 0.407  2.628 1
10.273  3.040 2
 3.448  3.986 1
10.209  3.723 2
 8.355  4.274 2
 9.736  3.411 2
 1.061  3.267 1
 0.654  3.224 1
 0.156  3.712 1
 0.479  3.634 1
 0.599  2.870 1
 1.511  2.294 1
10.334  2.443 2
 1.710  2.346 1
 8.009  4.786 2
 0.007  2.761 1
 7.093  2.020 2
 1.546  2.718 1
 1.729  2.987 1
 9.104  3.966 2
 1.001  4.272 1
 9.683  3.556 2
 1.242  0.883 1
 2.124  2.691 1
 1.577  1.974 1
 7.621  3.087 2
 2.439  3.332 1
 9.837  2.766 2
 9.762  3.436 2
 9.898  1.928 2
 0.129  4.259 1
 3.256  3.316 1
 8.905  1.939 2
 1.501  2.253 1
 3.406  3.291 1
 8.614  3.681 2
 2.331  3.422 1
12.761  2.371 2
 2.427  2.958 1
 9.486  3.988 2
 8.528  1.013 2
 0.683  3.617 1
 2.459  1.365 1
 0.786  3.652 1
10.791  2.754 2
 2.968  4.052 1
 9.815  1.573 2
 8.386  2.060 2
12.494  3.386 2
 9.151  1.710 2
 7.448  2.383 2
 0.577  3.235 1
 1.749  2.387 1
 2.547  3.550 1
 1.487  3.314 1
 0.699  2.554 1
10.754  3.742 2
 3.600  2.650 1
13.166  2.744 2
 3.954  3.128 1
 9.741  2.608 2
10.459  2.691 2
 3.426  3.004 1
10.008  2.658 2
 1.741  3.461 1
 1.714  2.399 1
 9.657  3.809 2
 7.976  3.835 2
 8.772  2.758 2
 9.439  3.301 2
 2.969  3.193 1
11.264  3.181 2
11.188  1.766 2
 8.025  2.593 2
11.303  4.752 2
 2.718  3.395 1
 1.633  2.757 1
 1.023  3.353 1
 8.522  2.596 2
11.345  2.867 2
-0.284  2.549 1
 1.809  3.737 1
12.677  3.811 2
-1.495  2.396 1
 7.072  2.512 2
 4.549  2.096 1
 1.702  2.517 1
 2.008  1.768 1
 1.726  3.276 1
 0.062  2.894 1
 7.298  2.349 2
 8.067  2.353 2
 3.314  2.771 1
-0.182  3.644 1
 2.930  3.509 1
 3.428  2.891 1
 0.522  3.841 1
 4.074  3.282 1
 0.450  4.631 1
 1.853  2.546 1
10.615  2.197 2
 1.413  3.395 1
 2.121  1.940 1
 2.371  2.979 1
10.916  2.765 2
10.800  3.107 2
 1.829  2.730 1
 9.986  2.679 2
 9.141  2.826 2
 2.598  3.616 1
 9.030  2.573 2
12.666  2.072 2
 4.664  2.978 1
 9.601  3.262 2
 9.592  2.743 2
 3.608  3.158 1
 2.754  2.495 1
 0.847  2.645 1
10.017  2.437 2
 1.799  1.391 1
 9.789  2.987 2
11.034  2.966 2
 8.714  3.619 2
 0.870  2.293 1
 0.451  2.670 1
10.837  2.031 2
11.497  3.091 2
 2.130  2.857 1
 9.103  3.212 2
 1.906  2.529 1
 3.611  2.324 1
 0.973  2.608 1
 2.843  3.878 1
11.243  3.525 2
 9.907  4.208 2
 1.422  3.623 1
11.318  1.604 2
 9.910  4.291 2
 0.823  3.043 1
 1.903  2.865 1
 4.916  2.737 1
 3.042  2.575 1
 1.618  2.658 1
 2.944  2.447 1
 3.177  2.697 1
 8.792  3.057 2
-0.049  2.936 1
12.738  2.735 2
 8.882  3.116 2
 3.631  2.479 1
10.153  3.161 2
 2.663  2.546 1
 1.504  3.151 1
 1.233  2.325 1
 1.348  3.725 1
11.606  1.945 2
 9.301  3.302 2
 1.782  2.562 1
 8.610  2.932 2
 9.649  2.325 2
13.297  3.131 2
 2.007  2.544 1
12.008  3.049 2
10.794  2.941 2
 1.703  3.260 1
 1.248  3.818 1
 7.880  3.452 2
 7.931  3.246 2
 9.800  1.965 2
 9.249  2.264 2
 2.114  2.454 1
 9.311  3.866 2
 8.822  2.922 2
 1.991  3.225 1
 8.976  2.190 2
 9.424  4.073 2
10.481  3.780 2
 9.535  1.697 2
10.577  3.105 2
 2.668  3.855 1
 1.081  3.189 1
 9.478  3.035 2
10.118  2.724 2
 9.663  3.534 2
 1.954  4.181 1
 9.706  2.615 2
-0.810  3.950 1
11.086  1.813 2
 9.343  3.681 2
 9.449  2.915 2
10.027  3.345 2
 1.872  2.252 1
10.631  3.700 2
12.703  2.390 2
 9.933  3.673 2
 9.096  3.141 2
 7.391  3.589 2
10.030  3.169 2
 9.719  2.336 2
 8.956  2.482 2
 1.060  2.772 1
 1.815  2.599 1
 7.544  2.169 2
 9.297  2.037 2
 1.797  3.336 1
 1.162  2.579 1
 8.255  3.157 2
11.347  2.363 2
 0.904  1.892 1
 8.235  3.758 2
 2.234  2.124 1
 3.891  3.997 1
11.419  3.394 2
10.999  3.414 2
 2.610  3.688 1
11.039  4.052 2
 1.828  3.501 1
 0.853  3.507 1
 1.165  3.062 1
 9.833  2.659 2
 3.899  3.841 1
 1.039  2.754 1
 3.330  3.217 1
 0.608  2.397 1
 9.890  3.114 2
10.724  2.389 2
 3.240  4.509 1
10.525  3.935 2
 8.829  3.397 2
 9.913  3.056 2
 1.694  1.804 1
10.049  3.372 2
10.022  2.995 2
 3.269  1.221 1
 3.400  2.396 1
11.468  2.490 2
 3.869  2.900 1
 9.643  3.724 2
13.010  2.022 2
 6.107  3.332 2
 9.243  3.479 2
 3.535  3.106 1
 6.343  1.931 2
 4.551  3.464 1
10.630  3.597 2
 8.292  2.957 2
 8.300  4.291 2
 8.802  3.351 2
 8.830  3.191 2
 0.395  2.353 1
 1.479  3.691 1
10.144  3.253 2
 3.131  2.805 1
 2.446  3.146 1
10.906  3.546 2
 2.129  3.160 1
 8.289  3.435 2
 1.343  2.885 1
 4.579  2.623 1
 9.060  3.191 2
 3.214  3.004 1
 1.995  2.178 1
10.343  1.715 2
 0.350  2.474 1
 9.329  3.342 2
 1.648  2.569 1
 2.572  2.083 1
10.099  3.193 2
 9.438  2.714 2
 6.904  3.275 2
10.345  2.536 2
 9.236  3.918 2
 8.342  3.092 2
 3.704  3.663 1
 1.098  3.234 1
 1.804  1.407 1
 7.804  3.162 2
 5.804  2.916 1
 0.167  3.143 1
 2.533  3.762 1
 2.315  2.237 1
11.096  2.484 2
 4.468  2.750 1
10.628  2.538 2
12.020  3.697 2
10.344  2.717 2
 2.587  3.748 1
 2.722  2.284 1
 9.936  2.743 2
 0.658  2.369 1
 8.623  3.923 2
 2.927  2.513 1
 3.703  2.477 1
 9.785  3.366 2
10.710  3.808 2
 9.938  2.843 2
11.363  2.482 2
 2.647  3.136 1
10.646  1.985 2
 1.199  1.360 1
 2.805  2.403 1
 2.158  3.918 1
 2.470  2.517 1
 9.466  2.831 2
10.127  3.486 2
 8.556  3.339 2
 3.227  3.460 1
11.967  3.871 2
10.429  2.367 2
11.459  1.592 2
 9.004  3.230 2
 9.898  3.072 2
 0.781  1.978 1
10.311  2.643 2
 3.885  4.169 1
11.455  3.445 2
 8.899  3.633 2
-0.068  2.953 1
 0.571  3.789 1
 2.346  2.581 1
 1.948  3.384 1
-0.058  1.720 1
 9.224  3.853 2
 1.491  3.087 1
10.267  2.802 2
10.040  2.062 2
 3.419  3.283 1
11.678  3.754 2
 3.910  2.536 1
-1.083  0.717 1
 2.985  2.815 1
 0.805  2.975 1
10.425  2.430 2
 0.025  3.563 1
 0.618  2.745 1
 7.902  3.675 2
 9.614  2.158 2
 1.535  3.625 1
12.232  2.414 2
 9.265  2.442 2
 3.112  3.785 1
 0.820  2.828 1
 1.830  2.611 1
 0.874  2.136 1
10.405  3.085 2
 9.209  3.727 2
 2.182  2.331 1
 0.094  2.434 1
10.360  4.051 2
 4.047  3.474 1
 3.093  4.272 1
 2.092  2.338 1
 1.404  3.263 1
 0.965  2.815 1
10.955  3.317 2
 9.875  3.756 2
 9.953  3.855 2
 1.883  2.825 1
11.561  3.899 2
 1.294  2.689 1
 1.848  1.909 1
10.004  2.811 2
11.087  2.509 2
10.149  3.796 2
 2.958  2.438 1
11.005  2.998 2
 1.688  3.614 1
 0.482  2.935 1
 9.142  3.397 2
 1.190  3.831 1
10.976  3.663 2
 1.584  2.217 1
 1.983  3.007 1
 9.457  2.496 2
 9.450  3.074 2
 1.784  3.379 1
 2.617  2.576 1
10.841  4.200 2
 2.991  3.209 1
 9.305  1.613 2
 3.116  3.800 1
 2.070  1.884 1
 8.346  2.235 2
 2.946  5.326 1
-0.276  3.760 1
 8.593  1.826 2
 8.459  3.347 2
 0.433  3.089 1
11.591  3.798 2
-0.083  3.485 1
 7.192  2.680 2
12.004  3.680 2
 1.875  3.370 1
 2.067  3.177 1
 0.559  3.169 1
 5.086  3.733 1
10.992  3.484 2
10.843  3.610 2
 1.577  2.555 1
 4.790  2.853 1
11.472  2.912 2
 2.168  3.114 1
 0.609  2.904 1
 9.365  3.633 2
 9.915  3.453 2
 9.898  2.873 2
 2.010  1.580 1
 4.533  2.947 1
 7.345  4.642 2
11.244  2.641 2
 3.510  2.870 1
 4.724  3.325 1
10.975  2.090 2
 3.315  2.951 1
 6.820  2.683 2
 0.320  2.832 1
 3.028  4.129 1
11.057  2.997 2
 9.215  3.446 2
10.942  2.736 2
11.899  3.173 2
 2.459  3.304 1
 3.066  3.244 1
 2.797  3.826 1
 2.468  1.636 1
 7.827  3.462 2
 3.439  2.802 1
 9.113  3.457 2
10.355  2.867 2
 9.827  1.773 2
 9.268  3.900 2
 1.503  2.531 1
 9.328  2.267 2
12.443  3.629 2
 2.337  3.355 1
11.336  3.576 2
 2.582  3.331 1
 3.144  3.017 1
 9.491  3.108 2
11.314  3.701 2
 4.252  3.116 1
11.031  2.532 2
 1.721  2.881 1
 2.167  4.375 1
10.066  3.436 2
 9.907  3.064 2
 1.027  2.880 1
 1.678  3.205 1
 9.015  2.751 2
10.374  2.651 2
 8.707  4.256 2
 8.638  3.634 2
 9.257  2.577 2
 2.141  2.904 1
 1.668  2.709 1
11.345  2.816 2
11.863  3.092 2
 0.980  2.479 1
 0.521  3.238 1
 4.450  2.800 1
 0.541  2.432 1
 4.880  3.613 1
11.313  3.648 2
10.175  4.195 2
 2.756  3.523 1
 2.517  2.890 1
 9.781  3.237 2
 2.707  3.479 1
11.204  4.314 2
 3.212  2.418 1
 8.845  1.764 2
13.043  2.266 2
 0.914  3.626 1
10.510  2.143 2
11.110  3.323 2
 9.818  1.999 2
 2.869  3.797 1
 1.282  2.270 1
 2.039  1.874 1
10.470  3.076 2
 8.921  3.492 2
 2.556  3.204 1
 3.917  2.177 1
 0.660  3.254 1
12.012  2.380 2
 2.679  3.988 1
 8.815  4.444 2
 9.415  1.795 2
 2.848  2.261 1
 8.094  2.519 2
 3.047  2.373 1
 2.653  2.673 1
 0.636  3.313 1
 8.045  4.154 2
 8.716  3.153 2
10.328  3.928 2
11.305  1.872 2
 0.309  2.195 1
 1.151  2.058 1
 2.236  4.374 1
 2.302  2.902 1
10.020  2.871 2
 8.077  1.676 2
12.037  2.898 2
 0.938  2.670 1
10.989  3.541 2
 3.661  2.959 1
11.907  3.411 2
 0.265  4.061 1
11.560  1.453 2
 1.957  4.047 1
 8.792  3.598 2
 1.986  4.878 1
 1.000  3.117 1
 3.468  2.712 1
 3.346  1.643 1
11.480  3.046 2
 3.684  2.252 1
 9.575  3.242 2
 3.043  2.407 1
10.335  3.007 2
-0.331  2.649 1
12.577  2.841 2
 0.725  2.694 1
 2.323  2.478 1
 4.240  3.305 1
 3.313  3.862 1
 4.018  3.513 1
 3.448  2.926 1
 9.858  2.904 2
-0.639  2.910 1
 0.272  2.498 1
11.962  3.509 2
10.676  3.978 2
 1.443  4.275 1
 9.226  2.951 2
 7.002  3.220 2
 3.414  3.806 1
 1.693  3.883 1
10.662  2.534 2
 9.398  2.596 2
10.911  3.264 2
 3.927  3.715 1
 2.611  3.074 1
 2.149  4.190 1
 8.896  2.755 2
 8.744  2.934 2
 2.489  2.607 1
 0.160  2.483 1
10.711  2.652 2
10.997  3.362 2
 1.002  2.387 1
 9.844  2.654 2
 1.889  2.678 1
 0.581  2.072 1
12.542  3.468 2
14.915  3.745 2
 3.980  4.610 1
 9.183  4.775 2
 9.189  2.221 2
 2.195  2.851 1
 9.792  2.610 2
 9.865  2.749 2
 8.890  2.375 2
 9.677  2.840 2
 6.217  3.286 2
 1.289  2.013 1
 5.602  2.264 1
 1.885  1.637 1
 8.706  1.656 2
 2.585  3.132 1
 8.459  3.642 2
 7.946  4.255 2
 3.808  2.996 1
 8.435  1.991 2
 1.828  4.161 1
 9.875  3.670 2
 0.390  2.748 1
 2.835  3.585 1
 7.943  3.495 2
 4.068  2.440 1
10.034  2.273 2
 2.594  2.289 1
11.140  2.492 2
10.743  3.329 2
 1.443  1.995 1
 7.276  2.837 2
 0.129  2.846 1
 3.049  3.758 1
10.848  2.224 2
 0.541  2.811 1
 9.850  2.250 2
 9.949  3.277 2
 8.936  3.354 2
 7.275  2.534 2
 0.499  2.307 1
 4.368  2.705 1
 9.991  1.199 2
 7.719  3.564 2
 1.402  3.356 1
 9.760  3.823 2
 3.911  2.189 1
11.520  2.302 2
 8.867  4.305 2
 9.347  2.348 2
 2.044  3.179 1
 8.588  3.026 2
 2.187  2.736 1
 2.004  1.443 1
10.744  2.774 2
10.829  2.821 2
 0.852  3.339 1
 9.284  2.770 2
 9.118  2.564 2
11.754  2.614 2
 2.950  1.997 1
 8.963  3.326 2
 3.397  2.897 1
 0.797  3.374 1
-0.029  2.601 1
-1.329  3.386 1
 0.130  3.409 1
13.326  3.206 2
 9.128  1.688 2
 9.245  2.760 2
 8.829  2.694 2
 0.414  2.004 1
 1.725  3.192 1
 0.477  2.585 1
 2.668  2.533 1
 4.078  3.127 1
11.437  1.880 2
-1.043  2.808 1
10.609  3.123 2
 2.919  2.561 1
 2.770  2.369 1
 7.788  3.495 2
 9.906  3.154 2
 2.667  3.876 1
 4.687  3.382 1
11.277  2.842 2
 3.216  3.641 1
11.588  1.248 2
10.889  3.502 2
10.335  2.245 2
11.891  3.542 2
 2.553  3.691 1
11.910  1.824 2
 9.255  2.833 2
 0.878  3.735 1
10.382  3.197 2
 9.436  3.886 2
 9.190  3.647 2
 2.856  2.203 1
10.652  2.512 2
10.462  3.188 2
 3.078  4.511 1
 0.697  1.563 1
-0.148  3.291 1
10.565  2.796 2
 2.256  3.016 1
 8.126  3.863 2
 9.458  4.828 2
 1.611  3.672 1
10.894  3.102 2
 2.320  3.264 1
 9.036  3.201 2
 9.278  2.610 2
11.947  2.394 2
10.633  2.947 2
 0.975  2.812 1
 0.514  2.634 1
10.387  3.283 2
10.690  3.077 2
-0.976  1.999 1
 2.349  3.062 1
 2.098  2.327 1
 0.099  3.265 1
 1.748  3.925 1
 0.124  3.432 1
 9.729  3.341 2
 3.834  4.324 1
10.602  2.687 2
 1.211  3.544 1
 9.394  2.480 2
 1.432  4.051 1
 9.363  1.773 2
 2.237  3.183 1
 7.237  4.264 2
 3.677  2.629 1
 3.466  3.292 1
 0.986  2.444 1
-0.294  4.321 1
10.529  3.469 2
 2.128  2.055 1
 2.470  3.288 1
10.141  3.282 2
 1.715  2.640 1
11.983  2.792 2
 2.048  2.022 1
10.871  3.460 2
11.504  2.328 2
 3.469  2.465 1
 1.043  2.697 1
11.411  2.417 2
 1.004  2.074 1
 3.888  2.680 1
 3.225  3.384 1
 9.971  3.087 2
 8.214  1.981 2
 9.986  2.562 2
 2.854  2.351 1
 0.560  3.848 1
10.029  3.105 2
 4.537  2.223 1
-0.601  3.177 1
 2.561  1.973 1
 8.912  3.071 2
 2.627  3.187 1
 2.221  3.209 1
 4.889  3.301 1
 8.344  4.087 2
10.553  2.924 2
 2.960  3.462 1
 3.959  2.929 1
10.992  3.420 2
 2.344  3.933 1
 8.859  2.244 2
 9.410  3.473 2
 8.826  3.163 2
10.458  2.739 2
 2.892  2.462 1
 3.070  2.850 1
 2.915  2.435 1
11.316  2.646 2
 1.653  3.830 1
-0.207  2.812 1
10.640  2.386 2
-0.800  2.587 1
10.116  3.028 2
11.046  2.949 2
 0.530  3.357 1
 2.619  3.418 1
 8.857  3.888 2
11.177  2.833 2
 3.202  3.026 1
10.040  3.400 2
 3.660  3.645 1
 9.271  2.693 2
 9.231  3.551 2
-0.598  2.875 1
 3.048  2.751 1
 7.422  3.160 2
10.082  2.532 2
 7.892  2.588 2
 1.605  4.212 1
 0.601  4.154 1
11.888  3.232 2
 8.801  2.593 2
10.042  2.145 2
 9.566  2.250 2
-1.916  2.151 1
 3.277  3.604 1
 2.843  2.726 1
 1.565  3.391 1
 8.281  3.544 2
 7.979  4.122 2
11.506  3.572 2
 0.616  2.530 1
10.370  3.412 2
-0.166  3.242 1
 9.489  3.520 2
 3.935  3.957 1
 2.505  2.931 1
 8.888  2.730 2
 8.015  3.017 2
 9.483  3.880 2
 8.963  3.941 2
10.288  2.875 2
 2.239  3.060 1
 9.152  2.505 2
 8.935  2.547 2
10.904  4.097 2
 8.406  2.498 2
 9.698  2.231 2
 9.455  3.081 2
 0.820  3.079 1
 0.102  3.547 1
 8.115  3.299 2
10.412  2.587 2
10.301  3.174 2
 2.462  3.157 1
 9.436  3.693 2
 1.556  3.077 1
 1.998  3.146 1
 1.428  3.986 1
 2.768  3.320 1
12.030  2.691 2
11.927  2.296 2
 9.988  1.441 2
 3.362  3.631 1
 1.632  3.929 1
10.323  1.964 2
 1.972  2.942 1
-0.315  3.311 1
10.049  2.817 2
11.373  2.185 2
 9.650  3.413 2
 9.687  2.741 2
 9.385  2.457 2
 3.026  2.064 1
 2.660  3.194 1
10.312  3.325 2
 8.818  1.923 2
 0.817  2.191 1
 0.957  3.042 1
10.659  2.539 2
10.247  2.944 2
 3.469  1.843 1
10.207  2.358 2
 8.401  2.488 2
 2.527  2.498 1
 0.408  3.591 1
 1.297  3.061 1
 4.645  2.467 1
-0.330  1.804 1
 1.797  2.514 1
 8.944  2.471 2
 3.175  4.453 1
 3.884  2.863 1
10.298  3.185 2
10.026  3.387 2
12.651  2.539 2
 3.566  3.050 1
 3.288  2.431 1
10.575  1.739 2
 4.238  2.125 1
 9.343  4.313 2
 1.023  3.123 1
13.013  2.558 2
 3.451  2.370 1
 4.153  3.072 1
 1.631  3.230 1
 9.200  2.016 2
 3.866  3.812 1
 3.503  3.577 1
 2.839  3.582 1
12.612  3.518 2
 2.763  3.553 1
10.454  2.080 2
 0.898  3.542 1
 9.943  1.495 2
 0.805  2.346 1
 2.226  2.934 1
10.014  2.537 2
 3.301  2.815 1
 9.692  2.736 2
11.220  3.933 2
 8.920  2.050 2
 9.108  2.191 2
 0.255  3.172 1
11.260  3.048 2
 1.809  3.294 1
 3.687  2.094 1
 1.274  2.569 1
 0.511  3.219 1
-0.454  2.340 1
 0.267  4.125 1
 1.846  3.929 1
10.823  3.913 2
11.200  3.657 2
 1.960  2.108 1
11.234  2.018 2
 1.938  2.445 1
 1.439  3.738 1
 0.981  2.900 1
11.215  3.342 2
 8.827  3.385 2
11.874  2.800 2
 9.116  3.207 2
 2.166  4.281 1
 2.344  2.575 1
11.751  3.627 2
 9.389  1.805 2
 2.144  2.510 1
10.976  3.882 2
 7.954  2.355 2
 2.398  3.188 1
10.625  3.183 2
10.598  3.680 2
 8.333  2.579 2
 9.657  2.745 2
10.298  3.253 2
 9.895  1.497 2
 2.708  2.714 1
 2.180  3.121 1
10.621  2.868 2
 9.307  2.964 2
10.851  3.555 2
 1.454  3.470 1
 4.106  3.183 1
 9.054  4.133 2
 9.256  2.828 2
 5.414  3.346 1
 2.236  1.660 1
 8.034  2.909 2
11.976  2.654 2
 1.937  3.338 1
 9.120  3.417 2
 9.437  4.047 2
 3.201  2.881 1
 1.342  3.068 1
 8.497  2.526 2
-0.072  3.263 1
13.706  2.964 2
 0.507  2.146 1
 9.722  3.223 2
12.348  1.484 2
 2.241  3.004 1
 1.427  1.483 1
 3.215  1.538 1
 0.595  3.360 1
10.551  4.384 2
 3.396  2.066 1
 8.050  3.449 2
 2.859  2.693 1
 1.153  1.961 1
10.927  3.568 2
10.853  2.858 2
 9.073  2.900 2
11.168  2.760 2
 7.457  1.828 2
 0.066  2.615 1
 2.761  3.995 1
 3.726  3.308 1
13.466  3.144 2
 4.953  3.795 1
12.462  2.803 2
 2.801  3.330 1
11.140  3.792 2
 0.305  4.040 1
11.194  3.609 2
 1.424  2.568 1
 2.690  3.261 1
 0.539  3.613 1
 0.976  3.326 1
 2.304  3.595 1
 2.617  1.994 1
12.173  2.637 2
 1.463  4.271 1
 1.354  3.832 1
10.059  2.598 2
 2.500  4.223 1
 9.589  2.800 2
 2.077  4.483 1
 1.967  2.926 1
11.184  3.603 2
 9.903  2.761 2
12.298  2.599 2
 9.712  3.844 2
 1.320  2.927 1
 1.470  2.542 1
 9.516  2.983 2
 9.616  3.737 2
 2.569  4.192 1
11.365  3.279 2
 9.971  2.101 2
 3.972  3.076 1
 3.057  3.050 1
 2.578  3.054 1
11.946  3.077 2
 3.105  3.028 1
 0.976  2.338 1
 4.153  1.873 1
 0.859  3.205 1
11.738  2.760 2
 8.812  2.864 2
 1.172  3.595 1
 1.168  3.472 1
 1.587  3.171 1
 9.084  3.073 2
 1.202  3.838 1
 2.469  3.654 1
11.143  4.794 2
 4.283  3.171 1
 4.553  3.859 1
10.207  3.275 2
 1.816  3.709 1
13.084  1.997 2
 9.797  2.823 2
 9.391  2.637 2
 4.445  2.664 1
 7.708  2.746 2
 2.799  2.216 1
12.249  2.971 2
10.558  3.359 2
 2.601  3.128 1
10.019  2.693 2
 8.950  3.813 2
 4.323  3.274 1
-1.919  4.033 1
11.018  3.821 2
10.522  2.809 2
14.300  2.743 2
-1.866  3.284 1
 4.227  1.979 1
 1.794  3.332 1
11.096  2.276 2
 8.522  3.105 2
 2.216  1.744 1
 9.562  2.631 2
 2.438  3.339 1
 0.068  3.107 1
 2.689  2.946 1
13.640  3.121 2
 0.974  3.214 1
10.603  3.232 2
10.008  3.494 2
 7.932  3.091 2
 3.029  5.169 1
 0.336  2.562 1
-0.218  4.105 1
 2.366  3.946 1
 2.206  2.817 1
 0.833  2.981 1
11.163  3.775 2
11.375  3.495 2
 3.183  3.461 1
 3.549  1.772 1
 2.570  2.053 1
10.427  3.078 2
-2.005  2.638 1
 7.244  3.878 2
 2.305  2.852 1
 3.570  3.770 1
 2.226  3.116 1
11.225  4.242 2
 9.106  3.229 2
 1.467  3.063 1
 3.062  2.904 1
 0.624  1.849 1
12.414  2.446 2
 1.839  3.694 1
 8.416  3.078 2
 8.318  2.350 2
11.817  3.537 2
10.587  2.877 2
 0.650  3.244 1
11.933  3.767 2
 8.911  3.247 2
 1.758  2.719 1
 2.522  3.257 1
10.895  3.654 2
 3.277  1.908 1
 2.924  3.007 1
10.795  3.643 2
10.302  2.690 2
 3.216  2.135 1
 0.509  2.913 1
 3.032  4.332 1
11.626  3.469 2
 2.548  1.638 1
 4.221  3.302 1
 9.545  1.944 2
 3.966  1.785 1
 1.671  1.807 1
 1.941  3.190 1
11.143  1.943 2
10.907  2.511 2
 9.600  3.754 2
10.824  2.704 2
 8.410  3.966 2
 2.755  2.700 1
 8.149  3.503 2
 0.657  3.075 1
-0.277  2.434 1
 2.196  3.455 1
 8.004  2.941 2
 2.563  3.304 1
 1.070  3.522 1
 2.354  2.684 1
 9.253  3.344 2
 0.713  2.290 1
-1.966  3.632 1
-0.339  3.848 1
 3.476  3.815 1
 2.638  2.646 1
 3.600  2.930 1
 5.010  2.855 1
 0.588  4.180 1
 1.653  1.312 1
12.746  2.860 2
-0.781  2.929 1
 2.501  2.718 1
 6.855  2.369 2
12.682  2.690 2
10.223  3.566 2
 8.732  3.171 2
 1.627  2.840 1
11.674  3.845 2
 0.781  3.696 1
11.167  3.057 2
10.998  2.607 2
 9.367  3.115 2
11.672  2.550 2
 4.008  3.586 1
 9.509  2.234 2
10.178  3.549 2
10.007  4.686 2
 1.392  2.051 1
 4.950  3.346 1
10.364  3.395 2
 3.861  3.438 1
 4.301  2.688 1
 1.766  3.339 1
12.354  3.286 2
 1.437  1.804 1
 6.132  4.089 2
 8.680  3.622 2
 0.058  3.688 1
 3.909  2.496 1
 1.608  3.406 1
 4.859  1.615 1
12.699  4.048 2
 7.815  3.087 2
 0.545  3.818 1
 8.215  1.391 2
 1.365  3.447 1
 0.784  2.166 1
-2.559  2.585 1
 8.704  2.918 2
 2.150  3.947 1
 8.100  3.715 2
 9.336  2.259 2
 8.298  3.174 2
 9.370  2.755 2
 0.804  2.116 1
12.059  3.191 2
 3.945  3.906 1
10.719  3.626 2
 3.173  1.947 1
10.171  2.946 2
 2.354  2.595 1
 1.868  3.442 1
-0.651  2.391 1
11.898  2.088 2
 8.347  1.621 2
 8.565  2.654 2
 3.604  2.351 1
 0.321  3.253 1
 8.375  4.239 2
 9.460  3.346 2
 0.466  2.914 1
11.667  3.974 2
 2.922  4.218 1
 2.368  2.752 1
 1.773  4.313 1
11.762  2.792 2
 3.301  3.883 1
10.894  3.835 2
 8.947  3.082 2
 9.484  2.840 2
 3.591  2.223 1
 3.444  2.682 1
-0.507  1.631 1
 0.153  2.061 1
 8.339  3.147 2
 2.779  5.079 1
-0.076  4.100 1
 2.114  2.747 1
 9.762  4.133 2
11.480  3.213 2
10.908  3.835 2
 0.697  4.138 1
 8.152  4.088 2
 7.850  2.865 2
 2.597  3.133 1
 3.689  3.042 1
-0.224  4.175 1
 9.347  3.617 2
11.244  3.428 2
 2.525  2.792 1
 2.343  3.728 1
12.970  3.076 2
 2.340  3.182 1
10.604  3.462 2
 3.572  2.916 1
 0.561  3.380 1
 9.142  2.481 2
 5.244  2.832 1
11.503  3.618 2
 9.443  3.131 2
 0.095  2.697 1
 7.489  2.972 2
 2.438  3.372 1
10.370  3.728 2
 2.517  2.625 1
 2.823  2.746 1
 1.975  3.037 1
 8.189  0.821 2
-0.799  2.870 1
 9.299  2.821 2
 0.740  2.585 1
 0.527  3.293 1
 9.376  2.364 2
11.904  1.484 2
 7.760  2.347 2
 8.924  3.028 2
 0.813  2.483 1
 8.858  2.683 2
10.949  2.842 2
 2.301  3.321 1
 1.176  3.328 1
 2.253  2.355 1
 8.758  3.954 2
 8.275  3.446 2
 0.329  1.880 1
 3.135  3.233 1
 2.543  2.568 1
 9.143  2.078 2
 1.645  3.322 1
 2.630  1.514 1
-1.092  3.488 1
 3.347  2.811 1
 4.274  3.031 1
 9.783  2.220 2
10.916  2.116 2
10.197  3.023 2
10.706  2.701 2
13.506  3.143 2
10.998  3.685 2
 8.096  3.628 2
 3.217  3.247 1
 1.933  3.533 1
11.439  3.355 2
10.955  2.704 2
10.603  2.752 2
 8.747  2.696 2
 0.717  3.164 1
 0.127  3.635 1
 1.139  3.309 1
 7.679  3.048 2
 8.890  2.932 2
 2.587  2.018 1
 0.594  3.424 1
11.042  3.656 2
 2.460  3.441 1
10.698  4.078 2
10.790  2.824 2
11.019  2.559 2
 1.614  2.499 1
11.633  3.255 2
 2.624  3.552 1
 8.870  3.316 2
 7.400  3.425 2
 7.797  2.870 2
 1.752  2.522 1
 1.170  3.394 1
 9.033  2.592 2
 8.990  2.699 2
 8.753  3.441 2
 4.131  2.749 1
 3.016  2.963 1
 9.616  2.725 2
 2.018  3.369 1
 3.051  2.866 1
 1.674  1.911 1
11.473  3.908 2
 1.610  4.010 1
11.020  3.812 2
 1.456  2.676 1
 2.649  2.030 1
 1.360  3.655 1
 1.335  3.992 1
 0.273  2.874 1
11.618  2.579 2
 2.619  3.066 1
 2.113  2.237 1
 3.051  3.463 1
-0.428  3.409 1
 1.941  1.824 1
 2.343  2.711 1
 0.998  3.691 1
 9.974  3.414 2
11.858  1.985 2
 3.529  4.076 1
 3.877  3.134 1
 1.400  2.923 1
11.040  1.690 2
 9.599  2.584 2
11.272  1.789 2
10.153  2.451 2
 1.433  3.019 1
 8.636  3.008 2
10.210  3.049 2
 2.914  5.065 1
11.088  3.632 2
 2.341  4.463 1
 8.096  3.706 2
 3.151  3.831 1
11.094  2.489 2
10.192  2.863 2
10.541  3.572 2
12.914  4.081 2
 3.560  3.665 1
 2.682  3.706 1
 9.571  2.268 2
 1.873  3.076 1
 9.354  4.098 2
 8.028  3.397 2
11.653  4.157 2
 3.589  2.598 1
 0.299  2.695 1
 4.717  2.928 1
 1.193  2.794 1
 5.446  3.651 1
13.378  3.286 2
 3.949  2.678 1
 2.521  2.352 1
11.450  3.114 2
10.921  2.897 2
 3.254  2.070 1
 9.557  2.837 2
11.239  1.879 2
 1.397  1.851 1
11.183  4.158 2
 1.142  1.603 1
 8.834  2.930 2
10.938  3.875 2
 1.629  3.559 1
 2.580  2.390 1
 1.303  3.239 1
 8.694  1.393 2
 4.043  2.685 1
11.561  2.507 2
 2.624  3.144 1
 1.101  1.957 1
 0.075  2.627 1
 7.960  2.251 2
 8.525  3.187 2
 1.501  3.476 1
 2.731  2.316 1
 3.711  1.555 1
 9.591  3.421 2
 1.767  4.588 1
 9.516  2.185 2
 1.094  2.980 1
 0.796  2.714 1
10.911  1.431 2
 7.983  2.541 2
10.991  2.271 2
 3.223  3.348 1
 3.091  3.557 1
 7.787  2.862 2
-1.490  3.209 1
 3.423  3.492 1
 9.021  2.983 2
10.310  3.069 2
 2.453  1.480 1
 3.185  2.202 1
 3.008  2.041 1
 9.353  4.200 2
 3.302  2.575 1
 5.128  2.688 1
 2.295  1.880 1
12.535  3.931 2
10.860  3.078 2
 9.813  2.590 2
10.902  3.913 2
 1.763  4.269 1
-0.048  4.127 1
 3.662  3.630 1
10.257  3.357 2
 9.778  3.714 2
 2.899  4.251 1
11.585  1.996 2
 9.947  3.464 2
11.635  2.890 2
12.980  2.887 2
10.848  2.574 2
 9.191  1.714 2
 7.806  4.242 2
 3.150  2.782 1
 8.422  2.401 2
10.666  3.659 2
10.474  2.822 2
10.293  3.985 2
 9.293  3.977 2
10.795  2.013 2
 3.618  2.912 1
 1.869  3.163 1
 3.388  3.474 1
10.695  2.121 2
 4.276  2.790 1
 8.159  2.412 2
 2.341  2.936 1
 8.219  2.595 2
10.492  3.151 2
10.063  1.967 2
12.098  2.752 2
 4.091  3.018 1
 1.359  2.120 1
13.580  3.356 2
10.988  3.542 2
 2.758  1.297 1
10.928  3.218 2
 7.116  3.320 2
12.892  2.641 2
 2.845  1.993 1
 2.046  1.750 1
 8.163  3.578 2
 1.419  3.130 1
 9.631  4.056 2
 1.069  3.121 1
10.638  2.658 2
10.615  3.758 2
 8.720  2.949 2
 9.089  2.400 2
 2.017  2.961 1
 2.769  4.180 1
10.988  2.675 2
-0.042  4.206 1
 2.377  2.401 1
 0.626  2.987 1
 9.035  3.587 2
10.884  4.542 2
 2.464  4.127 1
 9.613  3.714 2
10.766  3.979 2
 2.243  4.217 1
 9.683  1.908 2
10.378  2.552 2
 3.046  2.663 1
 7.852  3.760 2
 1.420  2.805 1
13.789  3.252 2
10.432  4.025 2
 1.319  4.069 1
 0.852  3.521 1
10.750  4.008 2
 9.992  3.514 2
 9.704  3.640 2
 2.542  2.815 1
 0.598  3.235 1
 1.951  1.211 1
 3.868  3.027 1
 1.237  2.383 1
-0.832  3.038 1
 8.064  1.992 2
 2.157  3.022 1
 9.199  1.349 2
 8.347  2.949 2
-0.714  3.151 1
 2.052  3.118 1
 2.954  3.480 1
 8.873  3.089 2
 4.690  2.899 1
 8.962  4.067 2
 2.051  2.108 1
 2.152  1.946 1
11.865  3.391 2
-0.622  3.213 1
 1.744  2.545 1
 8.917  2.940 2
 9.187  4.497 2
 2.106  3.804 1
 2.204  3.052 1
 3.972  3.618 1
 7.744  2.639 2
 8.467  4.862 2
 1.267  2.188 1
 0.859  4.137 1
 8.147  2.628 2
 1.711  3.388 1
 9.368  1.689 2
-0.154  3.565 1
 3.138  1.864 1
 3.052  3.433 1
 3.175  3.763 1
 4.477  2.768 1
 1.281  3.874 1
 2.828  3.215 1
10.285  4.839 2
10.825  2.138 2
 1.854  3.508 1
 3.066  3.937 1
-1.326  2.812 1
 2.409  2.664 1
 9.831  3.938 2
 0.497  3.766 1
 9.909  3.807 2
 4.285  1.979 1
 9.066  2.672 2
 3.732  2.128 1
 9.399  4.184 2
10.083  2.427 2
11.642  3.441 2
 0.605  3.639 1
 2.560  3.624 1
 2.141  4.004 1
10.964  3.730 2
 2.845  2.833 1
 8.914  3.334 2
 0.712  3.808 1
 2.308  2.168 1
10.354  3.281 2
 7.861  3.466 2
 9.378  1.888 2
10.056  2.406 2
11.319  3.284 2
 2.509  2.984 1
10.425  2.299 2
 4.076  2.871 1
11.125  1.729 2
 4.424  2.793 1
11.735  2.526 2
 8.313  2.576 2
10.185  3.627 2
 2.315  3.696 1
11.820  3.441 2
11.158  3.524 2
 8.997  3.797 2
 9.348  2.506 2
 1.685  2.452 1
 4.492  1.870 1
 1.713  3.744 1
11.278  3.131 2
 8.383  2.397 2
 7.610  2.640 2
 9.876  3.279 2
 8.592  1.376 2
 1.369  2.575 1
 8.070  2.966 2
-0.131  2.282 1
 4.278  2.340 1
 2.349  1.853 1
 0.269  2.432 1
 0.113  1.790 1
 1.719  3.490 1
 8.951  3.938 2
 9.921  4.521 2
 9.826  3.255 2
 1.078  3.982 1
 8.827  3.100 2
 2.109  2.081 1
 8.791  2.589 2
 9.296  3.718 2
 8.552  3.186 2
11.750  2.035 2
10.161  3.266 2
 3.933  2.135 1
 0.456  3.472 1
11.168  2.188 2
 2.592  2.122 1
 9.351  3.060 2
10.809  3.128 2
 1.117  3.188 1
 9.733  2.406 2
10.212  3.304 2
 9.255  3.213 2
 9.303  2.442 2
10.242  3.876 2
 7.736  2.996 2
 9.793  3.110 2
 2.215  3.028 1
 3.579  2.389 1
13.270  3.201 2
 9.299  2.799 2
 1.617  3.334 1
 9.969  3.392 2
 9.853  3.706 2
-0.322  3.302 1
 2.672  3.164 1
 3.149  2.841 1
11.138  3.609 2
 6.450  2.993 2
 9.568  2.858 2
10.194  4.437 2
 1.715  2.628 1
 9.923  3.892 2
13.260  2.982 2
11.131  2.846 2
 3.816  1.720 1
11.170  2.924 2
12.219  3.167 2
 9.240  3.495 2
 8.881  3.145 2
 8.927  3.598 2
 3.001  2.814 1
10.712  2.225 2
 0.519  3.032 1
 2.576  2.131 1
 2.154  3.038 1
 2.152  3.494 1
 9.155  2.298 2
 2.875  2.400 1
 2.582  2.760 1
 9.210  4.219 2
10.497  2.658 2
 7.074  3.715 2
10.153  3.186 2
 0.992  3.736 1
 1.349  3.721 1
 1.964  2.147 1
 0.777  2.131 1
 9.700  2.895 2
 7.661  3.350 2
 1.333  3.598 1
12.178  2.774 2
 3.182  3.547 1
 3.807  4.015 1
 8.682  2.805 2
 9.401  2.220 2
 3.294  3.001 1
12.919  2.543 2
 9.766  2.952 2
 9.039  3.310 2
 5.804  3.088 2
10.098  2.405 2
 8.849  1.971 2
 1.980  2.802 1
12.130  3.314 2
 8.675  4.292 2
10.945  2.848 2
 2.884  2.156 1
10.491  3.137 2
10.651  3.557 2
 5.166  3.482 1
 4.408  2.902 1
 2.098  3.337 1
 4.221  3.960 1
 0.254  2.668 1
11.319  2.599 2
