 1.109  3.504 1
 8.811  4.139 2
 2.504  2.978 1
11.288  1.781 2
 3.993  1.555 1
 1.900  2.643 1
 9.030  3.480 2
 1.543  3.149 1
 2.234  3.098 1
 2.451  1.763 1
 8.812  4.521 2
 0.513  4.431 1
 3.261  2.389 1
 1.072  3.885 1
 9.585  3.043 2
 1.466  2.903 1
 1.487  2.881 1
 2.024  3.558 1
 0.585  4.682 1
10.764  3.370 2
 1.448  3.939 1
 0.945  4.028 1
 7.991  4.819 2
 1.259  3.000 1
10.753  3.639 2
 1.118  4.433 1
 2.606  2.831 1
 1.995  2.874 1
 8.263  3.894 2
10.870  3.453 2
 8.137  4.408 2
11.854  3.625 2
 2.134  1.116 1
 2.292  2.997 1
 2.473  2.058 1
 1.199  4.079 1
10.902  1.851 2
 3.193  2.250 1
 2.577  3.140 1
 2.072  4.456 1
 8.723  3.441 2
 0.944  4.197 1
10.775  3.762 2
10.444  3.698 2
10.626  1.958 2
 1.670  3.414 1
10.463  1.269 2
 9.233  4.279 2
11.866  0.670 2
 1.801  3.152 1
 1.584  2.371 1
 9.387  2.217 2
 9.456  4.369 2
 1.384  2.501 1
 3.271  0.703 1
 8.879  3.743 2
 3.374 -0.049 1
10.497  3.719 2
 9.981  2.356 2
 2.560  2.325 1
10.801  3.527 2
 3.310  2.558 1
 3.120  2.043 1
 2.541  4.218 1
11.345  2.236 2
10.936  2.806 2
 2.761  1.317 1
11.727  1.298 2
 1.856  5.650 1
 9.372  3.710 2
 8.938  3.984 2
11.947  2.736 2
10.899  2.457 2
 0.568  4.622 1
 2.272  3.054 1
 1.647  4.511 1
 3.168  2.033 1
12.484  0.177 2
-0.922  3.078 1
10.356  2.910 2
 9.086  3.394 2
 8.524  2.012 2
 9.356  4.168 2
 1.338  4.239 1
 3.174  2.627 1
 2.723  1.933 1
-0.222  5.192 1
 8.611  2.592 2
 1.648  4.098 1
11.010  2.277 2
 1.098  3.026 1
 9.374  2.569 2
 2.309  2.299 1
10.098  2.752 2
 1.292  4.188 1
10.871  3.901 2
 3.767  0.557 1
 1.617  1.228 1
 0.529  3.012 1
11.012  2.872 2
 1.293  3.858 1
 0.342  2.370 1
 0.742  4.718 1
-0.082  4.647 1
10.115  3.144 2
 2.847  1.832 1
 8.852  4.284 2
 1.677  2.320 1
 3.039  0.945 1
10.259  3.351 2
 1.264  4.284 1
 9.961  3.627 2
 2.700  1.575 1
 8.332  3.432 2
 1.358  4.801 1
12.008  0.747 2
 9.346  3.257 2
 8.531  2.539 2
 8.924  5.118 2
 9.646  3.667 2
 0.681  3.839 1
10.859  3.403 2
 2.489  2.707 1
 9.232  2.315 2
10.505  3.536 2
 9.964  1.930 2
 2.219  1.198 1
 8.168  4.210 2
 9.913  2.948 2
 9.987  3.187 2
 1.183  4.505 1
11.242  2.718 2
 0.804  3.020 1
 9.596  3.228 2
 3.458  2.735 1
12.134  2.697 2
 0.430  4.775 1
 3.300  1.921 1
 2.566  2.432 1
 2.709  1.459 1
 2.360  3.211 1
 9.637  4.096 2
 1.692  2.210 1
 9.782  3.326 2
 9.743  4.780 2
10.567  2.231 2
10.573  2.627 2
11.363  2.075 2
 9.318  3.220 2
12.378  2.277 2
10.852  2.963 2
 9.909  3.791 2
 9.264  3.628 2
 9.017  3.696 2
10.830  1.823 2
 1.050  2.133 1
 9.826  3.086 2
 9.853  3.086 2
 9.013  3.904 2
 9.036  2.765 2
 0.677  4.334 1
 2.809  2.968 1
 8.929  4.193 2
10.086  4.855 2
 1.392  4.013 1
 1.976  3.138 1
 8.122  5.133 2
11.261  2.967 2
10.238  3.885 2
 8.538  3.485 2
10.648  2.838 2
 9.533  4.112 2
 0.758  5.424 1
 1.557  3.054 1
 1.862  3.129 1
 4.781  1.802 1
 1.514  3.021 1
 9.577  2.225 2
 2.923  3.308 1
 8.435  4.628 2
11.221  1.929 2
 1.951  3.674 1
 0.760  2.200 1
-0.462  3.604 1
10.589  1.520 2
 2.045  1.896 1
 0.154  3.206 1
 1.752  4.658 1
 0.756  3.345 1
 1.832  2.097 1
 2.171  3.369 1
 3.863  2.489 1
 1.324  4.301 1
 1.496  3.331 1
 9.065  2.854 2
10.696  2.950 2
 9.898  4.174 2
10.733  1.757 2
 2.999  1.711 1
 1.604  3.885 1
 1.646  3.253 1
 3.058  2.556 1
 1.834  2.848 1
 9.620  2.812 2
 2.175  2.108 1
11.593  4.460 2
 9.985  3.244 2
11.385  2.747 2
 2.196  4.029 1
 1.758  4.577 1
 2.179  3.663 1
 7.974  2.977 2
10.031  2.233 2
 3.286  3.591 1
 9.393  2.893 2
10.098  2.030 2
 8.886  4.380 2
11.583  1.541 2
 1.658  3.786 1
11.186  2.919 2
10.898  2.937 2
 1.946  2.498 1
 1.213  3.519 1
11.310  3.476 2
10.131  1.946 2
 9.040  1.337 2
 1.092  4.307 1
 1.493  3.393 1
 2.583  3.618 1
 0.802  3.907 1
11.315  2.970 2
 1.747  2.446 1
10.746  1.555 2
 3.042  3.090 1
 2.203  2.804 1
 2.182  1.048 1
 8.474  2.939 2
 8.728  1.542 2
 9.204  4.979 2
10.155  2.171 2
 2.108  3.515 1
 8.753  4.304 2
 2.993  2.558 1
 0.447  4.654 1
 2.853  2.173 1
11.378  3.135 2
 9.909  4.086 2
 1.806  3.238 1
 3.170  1.927 1
 9.369  3.279 2
 1.841  3.374 1
 2.321  2.962 1
 0.367  3.475 1
 2.480  3.135 1
 1.347  2.763 1
10.171  1.839 2
 2.691  3.356 1
 9.448  3.492 2
 1.516  3.218 1
 0.900  2.546 1
10.010  3.653 2
 8.205  4.658 2
10.214  2.165 2
 1.703  3.141 1
 1.263  2.884 1
11.212  4.050 2
10.042  3.118 2
 1.108  1.600 1
 9.693  2.934 2
 3.387  1.935 1
 8.914  2.735 2
 2.368  2.866 1
 3.970  2.195 1
 9.673  1.976 2
 8.958  3.273 2
 7.984  3.838 2
 0.942  3.533 1
 1.092  3.088 1
 1.388  2.285 1
 3.766  1.085 1
 1.445  3.562 1
 8.595  4.297 2
 3.175  3.442 1
10.240  1.410 2
 8.924  4.286 2
10.450  3.292 2
-0.118  3.255 1
 9.685  1.000 2
 2.615  2.828 1
 1.480  4.307 1
 9.089  3.722 2
 1.452  2.648 1
 9.795  3.263 2
10.232  2.299 2
 8.807  4.876 2
 8.672  4.000 2
 9.759  2.141 2
11.641  1.834 2
 1.891  4.228 1
 1.233  4.090 1
 1.876  3.603 1
10.463  2.204 2
10.915  4.411 2
 3.156  2.623 1
 8.952  2.876 2
10.666  2.300 2
10.840  1.533 2
 0.410  2.656 1
 8.879  4.403 2
 3.081  1.913 1
10.842  0.033 2
10.281  2.850 2
 2.422  2.111 1
 2.778  2.941 1
10.358  3.556 2
10.369  3.099 2
 2.479  2.576 1
11.230  2.803 2
11.549  0.562 2
 1.693  3.494 1
 1.168  3.405 1
-0.431  3.998 1
 1.507  3.381 1
 1.696  1.356 1
 1.178  2.880 1
12.127  0.599 2
 2.526  2.012 1
 2.718  4.665 1
13.134  1.993 2
 2.893  1.772 1
 3.750  1.610 1
 9.861  2.179 2
 1.908  2.074 1
11.109  0.835 2
10.188  2.413 2
 0.968  2.275 1
 1.204  3.649 1
 2.796  2.226 1
 9.946  2.431 2
 1.342  2.957 1
 9.226  2.880 2
10.337  3.635 2
 1.704  2.056 1
 1.634  3.907 1
 0.700  2.486 1
 8.273  5.166 2
11.095  2.870 2
 9.353  4.381 2
11.462  1.810 2
 9.132  5.798 2
 2.296  3.671 1
 2.584  2.027 1
10.307  2.821 2
 9.870  2.296 2
 1.694  4.276 1
 1.037  3.167 1
 9.298  2.098 2
10.021  4.216 2
 3.160  2.703 1
 8.333  3.956 2
10.835  2.492 2
 1.370  3.793 1
 2.189  2.534 1
 2.246  1.800 1
 2.609  4.358 1
 2.045  3.913 1
11.594  1.692 2
 2.154  3.190 1
 8.580  3.221 2
10.991  1.750 2
 2.946  3.671 1
 0.785  2.639 1
 2.836  3.558 1
 1.490  1.862 1
 0.754  3.634 1
 1.919  2.840 1
10.204  2.700 2
 2.529  4.374 1
 9.862  4.405 2
10.359  2.635 2
 8.754  4.140 2
 3.641  2.679 1
 1.946  2.256 1
11.084  2.640 2
 8.065  4.480 2
10.421  3.226 2
 1.198  2.914 1
 1.665  3.381 1
 2.463  2.713 1
 1.110  2.605 1
11.242  1.432 2
10.057  2.829 2
10.048  3.423 2
 1.202  4.536 1
 3.203  2.599 1
 1.958  3.765 1
11.881  1.785 2
10.012  2.994 2
 9.913  4.516 2
 0.826  3.018 1
 0.492  2.608 1
 1.775  4.241 1
 2.071  4.130 1
10.110  2.725 2
11.267  2.994 2
10.858  3.892 2
 0.957  5.502 1
 9.116  2.831 2
10.230  2.711 2
10.172  2.634 2
 9.876  4.182 2
 9.550  3.398 2
 1.420  2.964 1
 9.968  3.266 2
 2.829  1.875 1
 9.818  3.020 2
 2.518  3.395 1
 9.964  2.843 2
 9.787  2.177 2
 2.236  1.152 1
 3.502  3.685 1
 1.677  2.923 1
 3.566  0.874 1
10.678  2.654 2
-0.350  4.212 1
10.208  3.175 2
10.495  3.235 2
 1.283  3.807 1
 3.449  2.678 1
 1.638  2.233 1
 0.335  2.516 1
 2.264  2.189 1
 2.747  1.650 1
 9.600  3.332 2
 8.235  3.721 2
 9.978  3.505 2
 1.646  3.517 1
 9.747  2.459 2
 1.709  3.329 1
 2.145  3.402 1
 1.773  2.463 1
 1.437  2.603 1
 2.977  1.933 1
10.063  3.131 2
 9.748  4.383 2
 3.837  1.287 1
10.640  2.641 2
 1.163  4.643 1
 3.056  1.488 1
 9.438  1.588 2
 1.385  3.017 1
 1.539  2.237 1
 2.888  2.790 1
 1.330  4.058 1
 2.175  3.345 1
 0.946  2.394 1
10.961  1.399 2
11.159  2.345 2
11.325  1.820 2
 1.541  3.350 1
 9.955  3.862 2
 3.536  3.307 1
 0.480  2.022 1
 1.523  3.137 1
 9.959  4.133 2
 8.706  4.356 2
 9.299  3.113 2
 3.159  1.739 1
10.188  3.236 2
 1.684  3.784 1
 1.592  4.314 1
 9.480  3.130 2
 0.653  5.123 1
10.459  3.931 2
10.223  1.837 2
 1.391  1.777 1
 1.047  2.833 1
 3.687  3.207 1
 1.869  3.961 1
10.023  3.549 2
 9.235  3.048 2
11.374  2.662 2
 2.827  3.662 1
 8.521  2.687 2
 1.569  4.463 1
 2.604  4.330 1
11.629  1.895 2
 1.080  2.875 1
 2.627  3.497 1
 9.805  3.673 2
 2.680  3.934 1
 1.322  2.888 1
 0.144  2.601 1
10.272  2.728 2
 1.462  2.773 1
 1.813  3.045 1
 9.904  5.514 2
11.180  2.877 2
 2.701  2.563 1
10.359  2.712 2
 9.947  3.636 2
 1.584  2.025 1
10.263  1.803 2
 4.903  1.851 1
11.276  2.346 2
 2.884  3.212 1
 2.637  1.996 1
10.424  3.221 2
 1.137  4.154 1
10.096  3.696 2
 1.814  2.636 1
10.703  1.369 2
 3.791  2.960 1
 2.932  3.728 1
 1.996  2.305 1
 2.284  3.665 1
 8.937  1.833 2
10.705  2.457 2
 9.312  3.216 2
 8.801  3.318 2
10.669  4.259 2
10.109  2.775 2
 3.019  2.090 1
 1.466  2.435 1
 1.446  5.188 1
11.987  2.611 2
11.334  1.923 2
 9.726  3.290 2
 9.952  3.825 2
 9.804  3.231 2
10.018  1.210 2
10.932  2.128 2
 9.143  4.093 2
 9.086  4.275 2
 3.818  1.787 1
 9.664  4.032 2
12.727  2.030 2
 2.398  3.331 1
 9.939  3.579 2
 2.955  3.515 1
 8.110  3.980 2
 9.862  3.346 2
10.030  3.017 2
 1.480  2.843 1
11.362  1.674 2
10.579  3.247 2
 8.549  3.334 2
10.109  3.831 2
 3.540  1.431 1
10.575  1.952 2
 1.282  2.907 1
 2.508  2.384 1
 8.452  5.666 2
10.760  2.270 2
 0.420  4.402 1
 9.829  3.205 2
11.809  2.288 2
 2.795  2.193 1
10.328  2.639 2
 9.551  3.384 2
 1.097  3.274 1
10.992  3.468 2
 0.923  4.392 1
11.907  2.051 2
10.299  3.509 2
 2.095  3.517 1
 2.513  3.032 1
10.716  2.140 2
 9.437  2.254 2
 1.384  3.780 1
 9.378  3.351 2
 2.824  1.370 1
10.736  2.119 2
11.703  0.598 2
 8.890  4.721 2
 1.921  2.199 1
10.192  3.352 2
10.635  2.355 2
 9.326  3.482 2
 9.799  3.831 2
 1.615  2.449 1
 1.028  4.009 1
 8.782  1.348 2
 8.900  3.923 2
 2.639  3.950 1
 9.512  2.181 2
 1.963  3.938 1
 2.627  4.181 1
10.655  1.830 2
 8.512  3.896 2
 1.998  3.387 1
 7.283  4.440 2
 2.507  1.269 1
 1.229  2.543 1
 1.655  5.011 1
 1.403  3.647 1
 9.296  1.662 2
 1.586  3.372 1
 1.304  4.533 1
12.118  1.877 2
 2.546  2.780 1
 9.488  3.362 2
10.067  3.087 2
 2.251  1.241 1
10.754  1.930 2
 1.758  2.297 1
 2.609  4.162 1
 2.242  2.665 1
12.532  1.053 2
10.643  2.789 2
11.307  1.493 2
 2.906  1.383 1
10.146  3.288 2
10.016  4.224 2
 9.612  3.326 2
 9.654  3.181 2
 2.225  3.310 1
 8.735  2.630 2
 1.244  4.534 1
10.557  2.541 2
11.537  1.205 2
 9.637  2.932 2
 1.330  3.846 1
 4.231  2.384 1
 1.323  4.032 1
 8.510  4.811 2
 2.688  3.492 1
11.317  3.190 2
 0.130  3.864 1
 3.069  3.080 1
 2.319  2.362 1
 9.609  3.012 2
 8.828  5.115 2
 0.553  3.527 1
 2.477  2.385 1
11.069  3.469 2
 8.849  4.177 2
12.207  1.969 2
10.683  1.517 2
 9.559  3.441 2
 1.763  3.334 1
10.342  3.246 2
 9.976  1.895 2
 1.671  2.730 1
 1.748  2.845 1
 3.287  1.848 1
 1.220  3.607 1
10.827  2.502 2
 3.906  2.759 1
 3.200  2.572 1
 9.830  3.971 2
11.130  3.313 2
 2.135  1.633 1
10.596  3.121 2
 1.672  2.787 1
12.402  1.120 2
 8.762  3.422 2
10.973  3.313 2
 8.979  3.809 2
 1.689  3.098 1
 2.540  2.990 1
 9.374  3.664 2
 9.707  3.941 2
 0.550  3.651 1
 9.663  2.395 2
 2.524  2.845 1
 9.732  1.330 2
10.463  3.301 2
10.590  3.291 2
 3.452  2.516 1
 9.453  3.266 2
 9.616  3.067 2
 9.027  3.286 2
 2.995  1.431 1
 1.653  3.985 1
11.044  3.456 2
 1.476  2.029 1
 9.813  4.006 2
10.164  4.037 2
 0.616  3.682 1
 3.414  0.792 1
 9.292  3.730 2
11.192  2.942 2
 2.432  3.776 1
 9.078  2.923 2
10.599  2.653 2
 9.563  2.698 2
 9.196  2.601 2
10.596  1.484 2
 1.619  3.650 1
 3.292  1.889 1
 8.915  2.814 2
10.501  2.885 2
 9.238  2.043 2
 1.976  4.798 1
 9.675  4.093 2
 2.903  1.425 1
 9.529  2.597 2
10.181  2.793 2
-1.569  4.049 1
 8.091  3.657 2
 2.577  2.522 1
 2.587  3.019 1
 2.793  1.802 1
 0.770  3.075 1
 0.423  4.275 1
 9.687  2.770 2
10.835  1.876 2
 0.725  4.431 1
10.986  1.105 2
 2.904  3.080 1
 8.935  4.526 2
 2.786  1.902 1
10.718  3.647 2
 0.098  4.728 1
 8.220  3.853 2
10.624  2.426 2
 2.366  3.129 1
 2.548  2.835 1
11.057  3.516 2
11.916  4.080 2
11.545  1.949 2
10.264  2.199 2
12.147  2.746 2
10.628  1.625 2
10.239  2.300 2
 1.713  4.301 1
 0.332  3.451 1
 8.365  3.137 2
10.051  2.491 2
 2.976  2.595 1
 8.663  4.640 2
 8.374  3.509 2
 2.600  1.983 1
 1.853  3.605 1
11.011  2.740 2
10.516  2.534 2
 1.060  3.881 1
 1.855  2.302 1
 9.933  2.499 2
 3.088  1.536 1
11.054  3.451 2
 3.295  2.623 1
 9.704  1.482 2
 3.140  1.405 1
 9.553  3.735 2
 9.498  3.347 2
 1.438  3.201 1
 0.726  3.669 1
 9.919  3.456 2
 9.504  4.001 2
 1.696  2.563 1
 0.031  3.844 1
 9.586  4.254 2
 3.228  2.344 1
 1.526  4.016 1
10.651  2.930 2
11.432  3.111 2
10.030  4.235 2
 0.017  4.355 1
 9.546  4.409 2
10.058  3.145 2
10.317  2.759 2
 3.473  3.340 1
 3.241  2.867 1
 1.166  3.330 1
 3.365  2.394 1
 9.986  3.904 2
-0.438  4.044 1
 2.268  2.889 1
 3.228  3.309 1
 8.674  4.205 2
10.162  4.692 2
 9.496  6.691 2
10.708  4.493 2
 1.308  3.021 1
 1.382  2.159 1
 1.074  3.861 1
 9.236  3.272 2
 0.292  4.388 1
 0.675  3.424 1
 1.450  3.507 1
10.260  2.761 2
10.045  1.831 2
 2.061  3.272 1
10.367  2.055 2
10.067  5.004 2
 9.339  2.938 2
 9.623  3.031 2
 9.509  1.399 2
11.470  3.709 2
 9.477  3.590 2
 8.781  4.697 2
11.362  1.621 2
10.286  2.482 2
 1.174  3.821 1
10.298  3.437 2
11.444  2.517 2
 9.433  2.813 2
 0.447  4.077 1
 0.071  5.105 1
 1.977  1.471 1
 0.222  3.734 1
 9.702  2.078 2
 8.918  2.311 2
-0.008  4.632 1
 1.694  4.592 1
 3.373  1.914 1
 9.445  3.535 2
 0.571  3.725 1
10.385  2.054 2
11.162  2.396 2
 1.554  2.477 1
 3.021  1.643 1
 3.037  1.402 1
 1.575  2.537 1
 2.331  2.987 1
 2.197  2.777 1
 2.016  3.462 1
 2.844  0.843 1
10.657  1.257 2
10.532  2.620 2
10.745  2.998 2
 9.956  3.022 2
10.043  2.857 2
11.260  0.946 2
 1.750  3.029 1
10.297  3.816 2
10.198  3.873 2
 3.058  2.921 1
 7.477  6.310 2
 7.668  5.986 2
 9.083  3.566 2
10.111  4.589 2
 3.672  1.611 1
 9.890  2.603 2
 1.926  2.296 1
-0.025  4.136 1
 8.017  4.674 2
 8.852  3.290 2
 3.663  2.143 1
 1.512  3.409 1
10.112  3.760 2
 9.205  4.986 2
10.771  2.035 2
 0.674  3.113 1
-0.154  3.220 1
10.622  4.421 2
-0.138  3.261 1
 0.030  3.120 1
 2.453  3.296 1
 9.976  2.287 2
 0.351  3.090 1
10.906  2.427 2
10.196  4.632 2
 1.724  2.862 1
 8.870  2.690 2
 1.350  3.284 1
 3.202  2.193 1
 9.553  4.275 2
 0.772  4.355 1
11.374  2.318 2
 1.461  2.850 1
10.662  1.649 2
 8.870  4.008 2
10.440  2.723 2
 9.228  3.193 2
10.191  3.072 2
10.435  0.644 2
 3.329  1.088 1
 1.677  5.382 1
 2.516  2.902 1
 3.757  2.044 1
 9.774  2.854 2
10.098  1.938 2
 3.548  1.191 1
 0.918  3.745 1
 8.856  3.284 2
 9.763  2.300 2
 1.970  2.109 1
 3.269  3.051 1
10.253  3.239 2
 2.663  3.415 1
 0.742  4.323 1
10.813  2.975 2
 2.284  2.746 1
 1.315  4.934 1
 2.039  2.894 1
 1.980  2.689 1
10.399  1.881 2
 2.365  3.735 1
 8.983  4.905 2
10.277  3.177 2
 1.714  2.957 1
 2.561  1.931 1
 2.150  3.142 1
 0.987  3.170 1
11.549  3.367 2
10.280  1.979 2
10.192  3.120 2
 8.877  4.093 2
 1.091  3.525 1
10.825  1.792 2
 2.619  2.841 1
 9.409  1.976 2
11.568  4.165 2
 8.985  2.686 2
 9.931  2.209 2
 2.285  3.461 1
 1.963  3.321 1
10.755  1.406 2
 3.531  1.548 1
10.432  1.257 2
 3.628  3.380 1
 1.508  3.337 1
 8.910  3.269 2
 9.560  2.674 2
 2.632  1.872 1
 9.238  3.817 2
 9.300  3.479 2
 1.685  2.783 1
 3.459  1.436 1
 9.715  3.440 2
 8.751  3.585 2
11.105  2.534 2
10.438  1.691 2
 0.973  2.084 1
10.320  4.354 2
10.536 -0.402 2
 9.029  3.942 2
 2.411  1.974 1
 1.198  2.285 1
11.503  1.869 2
10.737  4.064 2
 3.597  1.865 1
 9.599  2.013 2
 9.561  3.978 2
 1.515  2.981 1
 9.267  4.677 2
10.453  3.643 2
10.557  4.308 2
 4.186 -0.023 1
11.109  1.475 2
 9.876  2.836 2
 3.448  0.623 1
 1.867  3.059 1
11.246  1.861 2
 1.897  3.288 1
 8.124  5.078 2
10.619  1.817 2
 8.986  3.303 2
 1.398  3.018 1
 2.494  2.735 1
 9.897  2.526 2
 1.247  2.999 1
 3.397  1.927 1
10.375  2.539 2
 2.545  2.896 1
 2.667  1.841 1
10.962  0.906 2
11.536  3.463 2
10.116  2.533 2
11.190  0.719 2
 1.479  4.614 1
 2.858  3.336 1
11.272  3.463 2
 1.213  3.897 1
10.216  3.319 2
 9.592  4.360 2
 1.921  2.323 1
 9.996  2.608 2
10.510  2.644 2
 0.841  3.667 1
 2.217  2.616 1
 2.890  1.852 1
 2.481  3.607 1
 2.720  3.543 1
 3.689  1.844 1
 9.822  3.128 2
 2.047  4.184 1
 2.796  4.385 1
 3.322  2.747 1
 0.039  4.073 1
10.778  3.117 2
 9.645  2.396 2
10.791  4.349 2
10.272  4.174 2
 9.897  2.280 2
 9.594  3.249 2
 0.485  3.931 1
11.376  2.642 2
 2.960  3.160 1
 0.330  5.133 1
10.552  3.180 2
 2.841  3.020 1
 1.959  2.437 1
 3.234  3.352 1
10.818  2.464 2
 8.352  3.360 2
10.004  3.066 2
 9.987  3.340 2
 1.104  2.118 1
 9.662  1.592 2
 3.532  3.418 1
 1.295  3.808 1
10.687  2.085 2
 3.130  1.408 1
 9.294  2.867 2
11.315  3.271 2
10.994  1.619 2
10.658  3.263 2
 4.125  2.712 1
 2.366  2.421 1
 8.881  5.050 2
 2.041  3.881 1
 1.639  2.518 1
 9.559  2.455 2
 8.464  4.545 2
 8.971  3.281 2
 8.811  4.494 2
10.992  3.301 2
 1.416  3.729 1
 0.845  4.285 1
 1.820  4.383 1
 8.893  2.808 2
 9.030  3.856 2
 1.127  3.810 1
 2.793  3.074 1
10.247  3.819 2
11.255  2.558 2
 8.778  3.241 2
 2.126  3.293 1
10.463  4.796 2
 1.915  3.484 1
10.960  3.743 2
 9.745  3.592 2
 8.682  3.873 2
11.653  2.096 2
 3.163  4.078 1
 1.499  2.465 1
 9.464  3.211 2
10.282  4.629 2
 1.918  2.371 1
10.138  2.701 2
 2.483  1.813 1
 2.996  2.952 1
 9.112  5.004 2
 0.032  4.548 1
 1.665  3.077 1
10.812  2.123 2
 8.851  3.914 2
 9.342  3.389 2
 9.382  3.735 2
 8.878  2.833 2
10.541  2.269 2
 2.964  2.077 1
 9.776  3.692 2
 0.967  3.179 1
 3.218  1.625 1
 7.967  5.399 2
 1.593  3.025 1
 8.681  3.923 2
 9.152  2.556 2
11.543  2.064 2
 3.391  2.333 1
 1.420  3.937 1
 1.155  3.600 1
 1.850  4.949 1
 3.430  0.491 1
 8.662  4.708 2
11.328  0.570 2
10.667  2.638 2
 3.262  3.079 1
10.906  0.668 2
10.901  1.528 2
 9.388  2.437 2
 3.114  2.787 1
 8.541  2.310 2
 3.853  2.012 1
11.393  2.218 2
 1.682  2.289 1
 2.590  3.323 1
10.051  2.403 2
10.478  2.199 2
 2.930  2.291 1
 2.490  3.443 1
 3.667  1.992 1
 9.536  3.522 2
 2.647  1.594 1
10.087  4.125 2
 3.468  2.100 1
 1.477  1.534 1
 2.933  2.100 1
 0.078  2.163 1
 2.483  1.461 1
 3.172  2.772 1
 1.841  3.914 1
 1.982  4.193 1
11.016  1.305 2
10.046  3.521 2
 1.580  1.488 1
 1.936  4.196 1
 1.952  3.400 1
 0.702  2.825 1
10.399  3.778 2
 1.122  4.352 1
 2.613  1.665 1
 0.450  3.755 1
 3.161  1.657 1
11.140  1.084 2
10.053  2.928 2
 9.396  3.363 2
 9.700  4.306 2
 1.549  1.178 1
 1.943  3.655 1
10.432  2.593 2
10.196  2.647 2
11.881  3.139 2
 1.847  2.594 1
 9.023  3.303 2
 9.755  2.834 2
 8.579  3.391 2
 1.992  3.383 1
10.065  2.610 2
 3.320  3.211 1
 0.191  4.647 1
 8.864  5.109 2
-0.401  3.836 1
 9.189  1.886 2
 1.856  3.098 1
 2.415  1.981 1
10.056  2.740 2
 2.728  2.319 1
11.740  3.426 2
10.521  1.817 2
10.637  2.796 2
 9.534  3.078 2
 2.413  3.562 1
 1.073  5.182 1
 9.706  4.073 2
 8.999  3.337 2
 2.018  1.972 1
 9.581  4.727 2
 2.697  2.397 1
 8.848  4.042 2
 9.755  2.277 2
 2.583  2.179 1
 1.462  1.651 1
 8.393  3.926 2
 9.823  3.501 2
 0.951  4.613 1
 0.704  2.501 1
10.179  3.006 2
 1.729  2.891 1
11.333  3.939 2
 2.933  2.289 1
 1.560  2.924 1
 2.496  0.253 1
10.191  4.611 2
 9.359  2.742 2
 1.890  3.982 1
 9.939  1.887 2
10.151  3.824 2
10.308  2.553 2
 2.082  2.745 1
10.467  2.369 2
10.343  3.783 2
10.269  2.185 2
 0.973  3.053 1
 9.247  3.337 2
10.505  3.281 2
 0.392  3.136 1
 2.759  1.536 1
10.495  2.107 2
 9.164  2.535 2
11.397  1.717 2
 1.819  4.645 1
 3.024  4.071 1
10.145  2.679 2
 7.901  4.733 2
10.099  3.233 2
12.142  2.807 2
11.146  1.822 2
 4.301  2.378 1
11.142  2.792 2
 3.314  2.167 1
 8.685  2.564 2
 1.972  2.822 1
 1.281  2.587 1
 2.662  3.728 1
10.376  2.529 2
 9.868  1.311 2
11.807  1.828 2
10.131  1.892 2
 1.919  3.685 1
10.379  1.452 2
-0.705  3.445 1
10.952  3.790 2
 2.235  2.584 1
 7.940  4.007 2
 9.398  4.371 2
10.214  3.083 2
10.217  2.323 2
 1.002  3.449 1
 2.527  0.804 1
10.103  1.701 2
 2.291  3.016 1
 9.163  3.277 2
 8.210  4.443 2
11.624  3.330 2
 2.624  3.336 1
 2.826  3.179 1
 1.515  3.715 1
 0.906  0.979 1
 3.409  3.324 1
 3.088  3.264 1
10.542  0.521 2
 2.878  1.213 1
 1.721  2.443 1
 9.403  3.295 2
 9.263  3.022 2
 9.980  2.985 2
 9.479  2.954 2
 9.274  3.128 2
 2.058  1.682 1
 0.960  2.413 1
 2.359  2.537 1
10.184  1.553 2
 2.228  3.563 1
 0.128  4.825 1
 1.167  3.941 1
 1.696  3.949 1
 9.853  2.937 2
10.070  1.784 2
 2.345  2.459 1
 2.323  1.950 1
 9.632  3.774 2
 8.984  2.928 2
 4.167  2.431 1
 2.321  1.192 1
 0.518  4.506 1
 3.736  1.305 1
11.451  3.124 2
 9.746  4.077 2
10.242  2.801 2
 2.554  3.533 1
 3.234  2.993 1
 4.421  1.593 1
 1.308  4.243 1
10.572  2.901 2
 1.189  4.175 1
 1.861  4.978 1
10.460  2.534 2
 7.968  4.784 2
12.428  1.410 2
 9.329  1.916 2
10.053  3.101 2
 9.078  3.438 2
10.105  3.450 2
 0.300  4.145 1
12.796  1.669 2
 1.626  4.180 1
 0.753  2.904 1
 0.635  3.447 1
-0.116  2.861 1
 1.974  2.442 1
 9.342  2.442 2
 1.479  2.165 1
 2.322  4.769 1
 0.760  4.054 1
 2.064  3.282 1
 1.612  3.286 1
 2.393  2.810 1
 9.395  4.143 2
 9.989  3.947 2
11.277  1.196 2
 9.603  3.949 2
 2.766  2.944 1
 8.224  6.484 2
 8.547  2.882 2
 9.520  4.226 2
10.542  3.759 2
 2.147  2.710 1
 1.657  3.787 1
10.639  1.190 2
 1.386  1.924 1
 2.322  2.684 1
 1.829  1.812 1
10.977  2.124 2
 2.304  2.605 1
 1.747  2.575 1
 8.453  3.826 2
11.752  1.562 2
 1.915  3.374 1
10.002  3.591 2
 8.744  3.309 2
10.002  2.271 2
 1.822  2.436 1
12.337  2.240 2
10.324  3.681 2
 2.722  2.941 1
 9.017  3.841 2
 1.369  1.860 1
 1.545  2.324 1
 2.204  3.233 1
-0.576  4.682 1
12.055  2.270 2
11.338  0.938 2
 1.790  1.123 1
 8.618  3.558 2
11.287  2.269 2
 2.034  3.831 1
 8.459  3.816 2
10.074  2.439 2
 0.942  4.715 1
 3.407  3.485 1
10.930  2.727 2
 0.938  4.003 1
 2.455  3.254 1
 2.108  2.292 1
 9.752  3.662 2
11.138  1.641 2
 2.615  2.907 1
 3.263  3.812 1
10.861  3.237 2
 1.851  3.024 1
 9.880  2.778 2
 8.726  3.794 2
 1.461  3.345 1
10.159  2.378 2
 1.841  2.609 1
 1.772  2.284 1
11.543  1.977 2
 8.922  2.101 2
 4.010  4.109 1
10.988  2.024 2
 3.052  3.038 1
 9.710  1.365 2
 4.323  2.616 1
10.930  2.914 2
 9.998  4.460 2
 0.393  5.205 1
 1.395  3.027 1
 1.399  3.518 1
 9.963  2.738 2
11.454  1.090 2
 9.148  4.883 2
 3.346  2.873 1
 1.575  2.570 1
 9.148  2.828 2
 1.592  3.168 1
 9.357  3.188 2
 1.687  3.061 1
11.049  3.057 2
 1.521  3.638 1
 8.342  3.822 2
 3.628  1.961 1
 8.834  2.814 2
 3.204  2.013 1
 9.495  3.381 2
 2.869  2.651 1
 2.357  2.224 1
 2.282  3.972 1
 2.240  1.601 1
 0.453  3.193 1
10.644  2.186 2
10.371  2.563 2
 2.177  3.774 1
 2.760  1.981 1
 2.226  3.052 1
 1.323  1.994 1
 2.309  2.150 1
 1.613  3.264 1
 9.614  3.319 2
 8.548  3.361 2
-0.608  5.041 1
11.001  2.589 2
10.562  2.104 2
 9.570  2.733 2
 8.627  3.223 2
 2.391  2.843 1
 0.326  2.478 1
 3.121  2.471 1
 9.528  2.708 2
 2.772  3.110 1
 9.808  3.425 2
 2.350  2.312 1
 9.335  3.229 2
11.405  2.049 2
11.148  1.758 2
10.009  3.925 2
 3.083  2.444 1
10.991  4.002 2
10.187  3.867 2
 9.314  3.742 2
 1.509  2.343 1
 8.078  4.219 2
 8.875  3.934 2
 2.149  3.475 1
 3.040  3.084 1
 2.813  2.465 1
 0.723  4.244 1
 9.703  3.220 2
 0.092  3.048 1
 1.676  2.695 1
 8.408  2.450 2
10.005  2.462 2
 3.080  1.762 1
10.758  3.125 2
11.606  1.946 2
10.981  2.995 2
 3.647  2.910 1
 8.818  3.756 2
 1.269  3.218 1
10.726  1.654 2
 8.019  4.899 2
 1.963  1.894 1
 4.660  1.087 1
11.219  1.548 2
10.110  3.191 2
 1.280  4.394 1
 1.983  3.822 1
 1.420  4.405 1
 9.936  3.111 2
 2.560  3.854 1
11.564  2.835 2
11.753  4.239 2
 1.805  1.601 1
 2.444  2.958 1
 0.715  4.699 1
10.141  3.726 2
 3.915  2.201 1
 3.485  2.753 1
 9.772  4.045 2
 9.114  3.170 2
 9.672  2.488 2
 0.968  4.719 1
10.557  2.885 2
11.145  2.905 2
10.563  1.715 2
10.317  2.619 2
 2.314  2.406 1
10.217  2.464 2
 9.174  4.448 2
10.044  3.100 2
 2.905  3.016 1
 9.859  3.792 2
 9.328  1.805 2
 9.739  4.169 2
 1.233  3.763 1
 2.434  3.472 1
 2.200  4.069 1
 1.409  2.418 1
 7.838  4.385 2
10.217  3.387 2
10.248  1.669 2
10.582  3.323 2
 9.882  3.885 2
 3.507  3.625 1
 9.065  2.718 2
 9.609  2.185 2
11.625  2.015 2
 1.952  2.401 1
 0.288  5.036 1
 8.001  3.391 2
10.279  2.376 2
10.786  1.797 2
10.588  3.069 2
 3.345  2.866 1
 9.653  4.216 2
 0.094  4.384 1
 9.485  2.947 2
 7.853  3.643 2
 9.647  1.979 2
 2.135  3.382 1
11.603  1.911 2
 9.917  3.255 2
 2.240  3.042 1
 2.892  2.788 1
 9.212  2.706 2
 0.963  4.176 1
 1.253  3.112 1
10.567  3.966 2
 7.951  1.881 2
 2.310  2.028 1
 9.341  2.412 2
11.171  2.863 2
 1.470  2.693 1
 2.866  1.395 1
 1.875  1.493 1
10.293  2.067 2
 3.230  3.482 1
 9.709  4.256 2
 2.397  2.123 1
 4.342  1.285 1
 3.215  2.617 1
 9.984  2.742 2
 9.627  3.313 2
 9.797  2.013 2
 2.388  3.799 1
 1.044  4.027 1
 0.653  3.364 1
 9.831  2.985 2
 1.302  3.611 1
 9.552  3.305 2
 1.965  1.310 1
 0.899  3.220 1
11.587  2.310 2
 1.322  2.452 1
11.039  3.356 2
12.061  2.304 2
 2.472  3.201 1
10.930  1.371 2
 1.117  3.224 1
 9.439  3.864 2
 8.984  3.362 2
11.914  2.303 2
 1.414  2.308 1
 2.226  1.933 1
 9.261  2.789 2
 2.472  2.356 1
 9.217  3.026 2
10.065  2.931 2
 8.485  3.476 2
 1.335  3.266 1
 2.531  3.665 1
 3.275 -0.003 1
 9.914  4.445 2
 1.873  2.347 1
 1.902  3.233 1
10.282  2.738 2
 1.023  3.312 1
 1.631  2.917 1
 9.947  1.405 2
 2.827  5.564 1
 9.214  2.233 2
 2.127  2.820 1
 2.413  3.243 1
 0.174  4.055 1
 1.126  2.653 1
10.189  2.362 2
 1.580  1.706 1
11.241  1.780 2
 2.564  4.212 1
 1.316  3.274 1
11.918  2.325 2
 2.877  3.028 1
 9.656  3.515 2
10.201  2.587 2
 1.724  3.261 1
 0.309  3.747 1
 0.781  3.760 1
 3.212  2.495 1
10.964  2.934 2
 1.440  3.104 1
 0.351  4.044 1
 3.218  3.421 1
 0.933  3.745 1
10.049  3.476 2
 9.373  2.663 2
 1.477  2.957 1
10.340  2.909 2
 2.884  0.797 1
 2.732  3.010 1
 1.895  4.651 1
10.777  2.716 2
 1.358  2.504 1
 8.713  1.955 2
 1.984  3.983 1
 2.526  2.856 1
 2.763  1.106 1
 9.845  3.167 2
10.240  4.159 2
 2.472  2.465 1
 1.290  4.110 1
 9.010  3.909 2
 2.585  2.985 1
10.382  3.149 2
 9.318  4.582 2
10.913  2.626 2
 3.006  2.009 1
 4.434  1.353 1
 1.179  2.187 1
 7.959  3.769 2
10.190  3.258 2
 9.554  3.878 2
 1.672  4.645 1
 2.308  2.693 1
 1.757  2.300 1
 0.467  4.577 1
10.788  2.623 2
 2.437  2.345 1
 2.871  1.640 1
10.104  2.552 2
 1.977  3.789 1
 9.927  2.530 2
 9.261  2.552 2
10.744  3.570 2
 2.153  2.843 1
 1.036  3.031 1
 3.321  3.118 1
 0.135  4.199 1
 3.490  1.901 1
 1.661  4.349 1
 3.016  1.194 1
10.509  3.100 2
 1.125  2.537 1
12.450  1.904 2
 0.835  3.914 1
 3.621  1.907 1
11.050  2.483 2
 2.432  2.557 1
 9.614  3.713 2
 3.126  2.796 1
10.095  2.061 2
 3.538  1.575 1
 8.400  3.185 2
10.297  1.453 2
 9.243  2.668 2
 3.304  3.771 1
 8.957  3.142 2
 9.617  2.816 2
11.435  1.584 2
 9.217  2.800 2
 2.421  4.057 1
 1.974  2.485 1
 0.497  4.970 1
 2.571  2.907 1
 3.483  2.231 1
 9.351  5.412 2
10.321  1.923 2
11.624  1.583 2
10.000  3.428 2
10.052  3.732 2
 2.938  1.779 1
10.695  2.572 2
 1.387  1.985 1
 9.041  3.393 2
 3.212  2.585 1
 9.238  4.784 2
 9.809  4.604 2
 3.082  1.410 1
 1.146  3.601 1
 9.501  5.276 2
 3.484  1.340 1
 1.683  3.527 1
 1.152  2.571 1
 2.746  2.973 1
 8.765  3.175 2
 3.480  1.287 1
 2.219  2.820 1
 9.244  4.925 2
 3.111  2.750 1
 3.315  3.328 1
 9.747  3.619 2
 0.937  2.474 1
 0.925  3.199 1
 2.594  3.832 1
11.248  2.411 2
 8.232  4.077 2
 3.450  3.153 1
 0.557  2.964 1
10.195  2.980 2
10.215  1.783 2
 3.533  1.300 1
 1.609  2.847 1
 1.192  3.496 1
10.828  2.404 2
 9.213  2.710 2
 2.749  2.713 1
 9.039  4.146 2
 9.807  2.943 2
 2.783  3.130 1
10.182  2.359 2
10.813  2.921 2
10.163  2.028 2
 1.870  2.644 1
11.274  3.697 2
 2.913  1.717 1
 1.927  3.196 1
 2.669  2.666 1
 8.434  4.141 2
 8.700  4.196 2
10.169  3.383 2
 1.799  2.582 1
 1.773  2.513 1
 1.656  1.711 1
 0.272  3.407 1
 2.022  3.729 1
10.373  3.851 2
 1.773  2.401 1
11.922  2.480 2
 1.768  4.510 1
 3.984  3.411 1
 1.800  3.142 1
10.727  1.225 2
 1.959  3.324 1
 2.550  2.344 1
 1.134  4.201 1
 9.449  3.987 2
 1.441  3.320 1
 3.560  2.177 1
10.236  2.611 2
 3.089  3.750 1
 0.649  2.957 1
 1.594  3.446 1
 9.456  2.143 2
 1.424  3.669 1
 0.298  3.834 1
 3.544  2.354 1
 9.830  3.877 2
 1.523  2.615 1
 3.488  0.636 1
 0.725  3.381 1
 0.198  3.985 1
 2.659  3.123 1
10.929  0.541 2
10.632  2.574 2
 1.308  4.517 1
 1.544  3.274 1
 1.971  2.900 1
 1.406  3.714 1
 9.512  3.106 2
10.412  2.892 2
 1.455  2.127 1
10.577  1.898 2
 8.499  3.346 2
10.865  3.897 2
 4.766  0.952 1
-0.801  5.579 1
 2.055  2.203 1
 1.624  1.430 1
 2.867  2.207 1
 0.947  4.342 1
 1.252  2.822 1
 9.988  3.278 2
 2.718  1.776 1
 2.792  2.766 1
 2.202  3.044 1
 9.701  1.432 2
10.582  3.424 2
 1.702  3.598 1
10.175  3.240 2
10.369  2.764 2
 1.581  2.645 1
 0.934  2.900 1
 7.756  4.302 2
 1.976  3.872 1
 9.532  3.626 2
10.773  3.001 2
 9.666  3.550 2
 4.351  2.256 1
 1.847  2.946 1
 2.409  2.961 1
 3.402  1.909 1
 0.180  5.075 1
 1.763  2.730 1
 2.086  3.498 1
 8.886  3.866 2
10.171  1.965 2
-0.239  4.133 1
 1.994  4.019 1
 2.490  2.413 1
 2.026  3.879 1
 1.965  2.117 1
10.066  3.328 2
 9.263  3.772 2
 2.981  2.585 1
10.171  2.791 2
 0.771  3.094 1
 1.568  1.980 1
10.481  3.269 2
11.480  1.208 2
-0.072  4.104 1
11.322  1.709 2
 9.752  4.285 2
 1.889  4.116 1
 1.884  3.642 1
 2.198  1.822 1
 2.951  2.372 1
10.007  3.699 2
 9.857  3.500 2
11.055  2.024 2
10.410  2.528 2
 1.761  3.648 1
 9.827  2.214 2
 2.258  3.362 1
12.683  1.857 2
 1.681  3.513 1
 1.984  2.627 1
 4.563  2.344 1
11.125  2.605 2
11.518  1.950 2
 9.644  2.292 2
10.396  3.298 2
 1.396  3.358 1
10.430  2.015 2
 0.977  2.605 1
 8.616  3.460 2
10.271  2.940 2
 4.008  2.774 1
 1.160  3.053 1
 1.388  3.777 1
 2.735  2.649 1
 1.810  3.255 1
 1.789  2.576 1
 9.430  2.375 2
 2.813  5.951 1
 9.872  0.177 2
 2.809  2.742 1
 2.670  3.769 1
 1.526  3.475 1
12.422  3.012 2
 1.844  2.208 1
 9.483  2.952 2
 0.740  2.709 1
 2.355  1.742 1
 3.181  2.622 1
 0.968  1.893 1
 9.825  2.989 2
11.324  2.455 2
 9.475  3.193 2
 1.940  1.421 1
 8.921  4.167 2
10.176  3.683 2
11.545  2.104 2
 9.905  1.564 2
 2.251  2.420 1
11.406  2.984 2
 9.449  4.248 2
 8.238  4.227 2
10.527  3.893 2
 9.135  3.302 2
 0.811  3.357 1
 2.502  3.695 1
 7.868  4.310 2
 4.342  1.840 1
 0.977  4.422 1
 8.724  5.107 2
11.818  2.293 2
 2.394  3.569 1
 3.158  1.944 1
 3.465  1.420 1
 9.888  4.468 2
 7.907  3.052 2
 9.246  2.247 2
10.298  2.516 2
 2.747  2.975 1
 0.643  3.711 1
 1.246  4.436 1
11.350  1.990 2
 9.191  3.235 2
 3.823  2.744 1
 1.001  4.257 1
 8.950  4.272 2
 3.114  2.017 1
11.125  2.655 2
 1.606  3.793 1
10.514  2.734 2
 1.822  3.405 1
 3.873  2.252 1
 9.554  3.794 2
 0.796  2.198 1
10.103  2.269 2
 9.826  3.150 2
10.528  3.152 2
10.731  1.838 2
 1.909  2.294 1
 9.718  1.742 2
10.557  2.603 2
 2.310  1.385 1
10.088  3.124 2
11.149  2.290 2
 3.514  2.928 1
10.255  3.965 2
10.546  2.623 2
10.189  2.244 2
 9.743  3.620 2
11.486  1.682 2
11.353  2.560 2
 9.877  3.114 2
 2.006  2.010 1
 8.792  3.179 2
 2.128  4.969 1
 1.468  2.176 1
10.335  1.738 2
 7.017  3.483 2
10.112  3.809 2
 9.483  4.603 2
10.126  2.823 2
 0.978  4.719 1
 3.078  1.830 1
 2.327  2.411 1
 1.039  2.072 1
 3.524  2.515 1
11.639  1.373 2
10.906  3.281 2
 9.811  4.224 2
 3.213  2.175 1
 1.340  3.109 1
 9.104  3.585 2
 8.917  3.841 2
11.818  1.958 2
 8.798  3.020 2
 9.052  3.057 2
 9.565  4.257 2
 8.451  2.325 2
10.612  1.798 2
 4.201  2.899 1
10.405  1.548 2
 8.995  3.095 2
11.117  2.270 2
 2.422  1.763 1
 5.217  1.386 1
 1.224  2.833 1
 2.169  2.846 1
 1.506  3.385 1
 2.104  4.542 1
 1.534  4.052 1
 9.528  4.079 2
 1.267  2.009 1
10.471  2.000 2
 3.194  1.956 1
-0.709  4.691 1
 0.581  3.101 1
 2.319  0.897 1
 2.867  3.376 1
11.392  1.837 2
 2.157  5.471 1
 9.622  5.461 2
 2.161  2.977 1
 9.285  4.718 2
-0.667  4.030 1
10.494  2.429 2
 9.637  3.390 2
11.313  2.672 2
 9.341  3.632 2
 9.326  4.730 2
11.179  3.122 2
 9.623  0.881 2
 2.857  2.292 1
 1.540  2.525 1
 3.180  3.170 1
 8.910  2.729 2
10.821  1.275 2
 0.713  2.897 1
11.554  2.441 2
 0.514  3.451 1
 9.741  3.222 2
11.144  2.161 2
 1.904  2.635 1
 1.495  4.705 1
10.532  2.535 2
 7.798  2.643 2
 2.424  3.560 1
 2.465  1.463 1
 2.750  2.920 1
10.152  1.704 2
 3.344  1.995 1
 2.438  2.693 1
 8.123  6.532 2
 3.237  1.544 1
-0.611  4.202 1
11.220  1.738 2
 2.941  2.954 1
 7.154  4.489 2
 9.985  2.905 2
 1.016  0.515 1
 9.677  2.651 2
 1.502  2.610 1
 0.378  3.060 1
 2.314  2.452 1
 0.599  3.107 1
 9.321  3.925 2
 1.745  4.401 1
10.876  3.861 2
 9.979  2.876 2
 3.887  1.675 1
 3.793  1.119 1
 9.053  4.177 2
 1.442  3.773 1
 2.441  1.525 1
10.046  3.240 2
 0.700  3.800 1
10.029  2.297 2
 1.108  3.478 1
10.073  2.689 2
 3.377  1.482 1
 9.124  3.877 2
 8.550  2.579 2
 2.521  3.412 1
10.456  3.601 2
10.690  3.008 2
 2.925  2.122 1
 1.206  2.878 1
 1.734  3.482 1
 3.038  2.001 1
 1.334  5.601 1
 9.609  3.032 2
 2.114  3.193 1
