-0.403  6.671 2
-0.390  9.321 2
 0.837  8.871 2
 0.007  8.702 2
 0.014  3.839 1
-0.141  4.579 1
 1.767  8.819 2
 1.681  8.109 2
-0.250  8.262 2
 2.521  3.712 1
 0.088  7.167 2
-1.260  7.428 2
 5.561  2.370 1
 2.524  0.058 1
 0.499  7.600 2
 1.066  1.794 1
-1.281  6.892 2
 1.622 10.566 2
 0.170  8.327 2
 0.845  7.979 2
 1.319  2.522 1
 0.932  1.944 1
-3.134  5.662 2
-0.386  2.927 1
 0.473  8.481 2
 0.317  8.124 2
-1.645  5.882 2
 7.183  4.926 1
-1.604  7.118 2
 1.319  4.927 1
-0.416  8.514 2
 1.935  5.114 1
 4.153  6.397 1
-0.348  1.235 1
 0.433  9.259 2
-0.009  7.650 2
-0.459  6.396 1
 1.076  1.087 1
-0.974  7.887 2
 2.353  3.449 1
-0.339  8.041 2
 1.144  7.820 2
 3.076 -0.796 1
 2.499  5.778 1
-1.486  6.951 2
 2.764  2.794 1
 3.419  2.672 1
 2.149  4.629 1
-0.477  6.509 1
 4.016  2.040 1
 1.540  8.610 2
 4.519  4.515 1
 1.256  9.854 2
 1.649  9.102 2
-0.824  2.282 1
 0.634  5.327 1
-2.751  5.330 1
 3.741  6.386 1
-0.715  7.910 2
 0.778  3.060 1
-1.661  4.294 1
 0.142  8.360 2
 3.234 -1.120 1
-0.790  2.848 1
-2.630  7.851 2
 4.186 -0.327 1
 3.133  5.768 1
-1.426  7.498 2
 1.274 -0.160 1
 1.516  8.496 2
 2.601  2.416 1
-0.389  5.148 1
-4.898  2.393 1
-0.755  7.919 2
-0.476  8.402 2
 2.410  3.388 1
-2.624  3.182 1
-2.109  4.382 1
 2.889  2.841 1
 0.102  9.182 2
-1.413  7.520 2
 1.563  9.830 2
 2.447  2.240 1
 0.324  8.490 1
-0.936  7.647 2
 3.479 -4.303 1
 0.822  8.771 2
 2.110  3.968 1
-2.014  5.662 2
-0.226  7.897 1
-1.210  1.075 1
-1.129  7.098 2
 1.139  4.218 1
-0.363  7.841 2
-0.509  8.009 2
 1.036  3.462 1
 4.064 -0.175 1
 5.337  0.062 1
 0.136  8.868 2
 4.798  2.148 1
 0.253  8.787 2
 5.939  1.131 1
 1.139  8.838 2
 0.409  6.325 1
 1.721  2.077 1
 0.314  8.003 2
 0.481  8.031 2
 1.279  1.858 1
 1.020  1.585 1
 0.691  2.911 1
 2.562  2.445 1
 0.745  8.795 2
 5.302 -0.761 1
 3.252  5.220 1
-0.425  7.711 2
 7.848  6.282 1
 0.316  8.541 2
 0.496  9.089 2
 5.257 -2.016 1
-0.546  7.861 2
 0.375  7.741 2
-0.393  3.141 1
-1.077  8.590 2
 6.739  0.831 1
 1.123  7.661 2
-1.701  4.858 1
 3.502  1.139 1
 0.445  2.708 1
 1.501  3.394 1
 7.060  2.767 1
-0.248  7.607 2
-0.994  8.798 2
 5.341  0.354 1
-0.331  7.263 2
 5.147  2.665 1
 2.366  2.768 1
 1.379 -0.271 1
-0.623  7.469 2
 2.833  2.158 1
 3.982  0.867 1
 3.360  1.815 1
 1.892  1.451 1
 1.353  9.161 2
 5.366  4.546 1
-0.171  8.213 2
 0.557  9.160 2
 0.002  2.720 1
 0.158  8.959 2
 3.489  2.325 1
 0.697  8.820 2
-0.196  8.185 2
 2.053  9.025 2
-1.408  2.873 1
 4.586 -1.437 1
-0.314  6.419 2
 5.441  6.904 1
 0.238  8.809 2
 5.057  0.284 1
 0.019  7.313 2
 1.120  9.569 2
 1.640  5.623 1
 0.087  8.142 2
-0.275  6.964 2
 1.640  6.455 1
 1.168  8.994 2
 4.031  1.798 1
 1.873  2.083 1
 0.975  1.116 1
 4.174  0.344 1
 3.536  3.154 1
-0.211  7.917 2
 0.169  7.456 2
 2.197  3.943 1
 4.550 -3.189 1
 2.746  3.065 1
-1.221  7.029 2
 0.292  5.088 1
 3.844  3.190 1
-1.214  6.745 2
-0.469  8.515 2
 0.539  8.216 2
-1.049  6.734 2
-1.084  6.867 2
 0.447  2.457 1
 0.884  9.110 2
 3.952  4.211 1
-0.053  7.793 2
 1.555  5.343 1
 0.559  4.790 1
-1.532  8.626 2
-2.247  6.292 2
 3.250  1.806 1
 1.133  8.311 2
-0.520  6.832 1
-1.277  5.843 2
-2.150  5.965 1
-0.425  7.835 2
-0.406  8.208 2
 0.738 -0.304 1
-0.134  9.003 2
 0.665  8.753 2
-0.901  5.776 1
 0.661  5.863 1
-0.655  7.403 2
-1.665  6.701 2
 0.395  8.070 2
 1.258  1.125 1
-0.265  2.996 1
 4.922  2.719 1
 1.136  8.745 2
 2.031  4.023 1
 1.197  9.819 2
-1.494  7.093 2
-0.417  7.001 2
-2.538  6.150 2
-0.412  7.554 2
 2.159  4.197 1
 4.376  2.622 1
 8.551  2.442 1
 7.526  0.536 1
 2.542  2.182 1
 2.562  4.709 1
-0.579  7.550 2
 2.654  4.388 1
-0.613  7.974 2
 0.585  7.318 2
-0.488  6.895 2
 4.980  2.558 1
-0.402  4.939 1
-0.461  7.423 2
 1.378 -0.761 1
 4.395  2.430 1
-0.672  5.809 1
 0.230  8.558 2
 5.998  4.064 1
 0.487  6.754 2
-1.804  7.610 2
-2.732  8.121 2
 1.696  2.678 1
-0.000  8.152 2
 1.556  7.699 2
 0.384  8.032 2
 1.343  6.230 1
 1.040 10.165 2
 4.758  3.525 1
 6.893  2.419 1
-1.244  0.745 1
 4.404  5.284 1
-1.947  5.915 2
-0.070  9.183 2
 0.337  8.782 2
-0.285  8.828 2
 1.224  8.558 2
 6.796  1.436 1
-0.069  7.548 2
-1.107  6.888 2
-0.749  8.455 2
 4.264  0.978 1
-0.069  6.435 2
 3.602  5.600 1
 0.444  5.751 1
 1.528  9.568 2
-0.869  7.639 2
 5.990  0.474 1
 6.958  2.593 1
 0.538  8.477 2
 2.250  8.909 2
-1.033  6.382 2
 1.783  9.948 2
-0.113  8.772 2
 2.337  0.237 1
 0.444  8.843 2
 0.530  8.165 2
 0.408  8.962 2
-0.142  8.581 2
-2.227  5.770 2
 0.661  8.049 2
-0.464  7.554 2
-0.068  7.412 2
-1.169  7.436 2
-0.093  6.477 2
-1.619  7.654 2
-1.955  4.891 1
-0.715  7.285 2
-1.269  6.813 2
 0.041  7.836 2
-0.106  8.741 2
-0.081  7.163 2
 1.594  5.835 1
-0.585  7.575 2
 0.508  7.958 2
-0.520  7.340 2
 0.638  3.768 1
 4.725 -0.110 1
 2.480  0.820 1
-0.918  7.126 2
-0.422  2.202 1
-0.037  7.398 2
 1.074  8.827 2
 5.101  0.305 1
 3.824  2.224 1
-0.731  7.379 2
 0.311  8.950 2
-1.490  8.310 2
-1.146  9.271 1
 2.637  1.470 1
 0.439  7.697 2
-0.815  9.375 1
 1.498  9.441 2
 1.617  9.625 2
 2.653  3.982 1
 0.000  1.098 1
 2.626  7.037 1
 4.047  3.171 1
 0.688  8.484 2
-2.494  4.749 2
 4.227  1.968 1
 0.679  8.077 2
 0.565  8.309 2
 0.016  7.581 2
 0.134  7.135 2
-0.755  8.024 2
 0.235  7.833 2
 3.107  1.604 1
 3.184 -2.836 1
-1.206  6.573 2
-0.174  2.580 1
 0.814  1.677 1
 4.736  2.650 1
-1.535  6.842 2
 2.829  6.365 1
-1.911  4.846 1
 0.653  4.111 1
 3.328  1.682 1
-2.354  4.656 1
 4.124  3.950 1
 4.832  1.791 1
 3.380  1.896 1
 0.770  3.157 1
 3.640  5.381 1
-1.516  6.988 2
-5.185  5.910 1
 2.493  2.504 1
 0.458  8.526 2
 5.274  4.470 1
-1.819  6.532 2
 2.485  4.422 1
 3.090  3.466 1
 0.272  7.509 2
 0.757  0.210 1
-1.662  6.416 2
 3.021  4.028 1
 2.063 10.501 2
 0.566  9.214 2
 0.686  1.675 1
 2.865 -1.488 1
 0.102  3.858 1
-0.700  3.626 1
 0.589  8.369 2
-0.846  7.497 2
 1.499  3.912 1
-1.724  5.846 2
-0.295  7.319 2
-0.394  7.067 2
 0.167  2.971 1
 1.669  1.011 1
-3.236  4.412 1
 1.057  8.755 2
 1.241  1.834 1
 1.482  9.576 2
-1.401  7.353 2
 2.082  5.660 1
-0.781  6.787 1
-0.195  8.127 2
-0.991  2.483 1
-0.639  7.639 2
 0.669  8.085 2
-0.771  2.638 1
 0.412  1.903 1
-0.285  8.884 2
-0.776  1.695 1
 1.781  2.787 1
 0.894  9.424 2
 1.279  3.660 1
 2.020  9.464 2
 2.540  9.948 2
 1.647 -1.939 1
 7.080  1.059 1
 5.942  2.058 1
-0.086  8.407 2
-0.768  7.491 2
 0.403  8.846 2
-1.353  1.624 1
 4.323  3.786 1
 0.798  4.984 1
-0.832  9.387 2
 2.847  0.240 1
 0.196  8.026 2
 1.031  0.054 1
 6.089  2.674 1
 0.031  9.280 2
 0.371 -1.724 1
-0.501  6.880 2
-2.345  6.016 2
 4.420  3.638 1
 1.614  3.508 1
 0.930  9.280 2
-0.390  7.702 2
-1.792  6.389 2
 4.610  0.994 1
 1.258  3.723 1
-0.317  9.588 2
 4.665  4.040 1
-0.140  6.749 2
 0.534  8.130 2
 0.672  4.769 1
-2.525  0.215 1
 0.757  8.678 2
-0.787  4.058 1
 1.061  8.347 2
 2.574  5.248 1
-0.494  8.203 2
 0.413  8.495 2
-1.784  6.827 1
 0.703  2.040 1
-1.432  6.199 2
-0.179  7.563 2
 2.366  5.195 1
 1.543  8.082 2
 3.682  2.091 1
 4.168  5.618 1
 0.584  9.090 2
 1.933  1.533 1
 0.540  8.298 2
 0.248  7.075 2
 0.808  5.722 1
-1.379  6.545 2
 3.751  6.002 1
 1.018  6.454 1
 2.481  2.507 1
 1.093  7.133 2
 1.442 10.232 2
-1.111  8.368 1
 1.767  9.064 2
 3.803  1.961 1
 6.363  2.247 1
-1.261  6.327 2
-0.239  4.555 1
 1.928  3.011 1
 1.903  0.197 1
 5.542  5.819 1
 1.333  7.822 2
 6.954  4.959 1
 5.002  3.645 1
-0.168  5.884 2
 0.673  8.941 2
 1.776  8.510 2
 1.883  4.405 1
 1.228  6.852 1
 1.193 10.009 2
 1.635  3.590 1
-1.143  8.034 2
-0.746  8.145 2
-1.027  7.568 2
 0.918  8.684 2
-0.450  6.268 2
 3.992  1.057 1
 4.010  8.092 1
 0.474  7.408 2
 0.189  7.652 2
 2.377  6.113 1
 0.376  3.949 1
-1.332  8.063 2
 6.092 -0.251 1
-1.948  3.644 1
 5.832 -0.885 1
 0.780  1.641 1
 3.619  4.819 1
-1.178  7.115 2
 2.540  2.158 1
-1.309  6.655 2
 3.715  7.664 1
 3.619  1.007 1
-1.555  3.507 1
 2.046  3.944 1
 1.040  9.277 2
 0.008  8.507 2
 1.692  3.853 1
 2.447  1.336 1
 5.211  3.110 1
 0.891  8.476 2
-1.118  7.611 2
-1.875  7.327 2
 1.753  9.519 2
-0.041  8.558 2
-1.175  7.205 2
 2.048  9.685 2
 0.123  7.085 2
 2.469  3.538 1
-0.494  7.789 2
 2.702  4.213 1
-0.435  8.665 2
-0.492  7.732 2
 0.833  9.028 2
 1.584  4.103 1
 2.609  3.178 1
 1.272  8.499 2
 0.698  7.804 2
 5.315 -0.859 1
 1.440  9.191 2
-0.218  7.614 2
-0.204  8.044 2
 5.915  1.552 1
 0.188  8.664 2
-1.586  5.689 2
 1.742  9.442 2
-0.041  8.742 2
 3.602 -1.114 1
 1.061  1.636 1
-0.484  7.076 2
 1.395  4.483 1
-0.387  8.334 2
 1.138  8.459 2
 3.625  4.635 1
-1.044  7.989 2
 0.270  7.540 2
 0.171  7.164 2
-0.537  7.994 2
 1.452  3.161 1
-2.728  7.078 2
 0.343  8.311 2
 2.491  9.329 2
 1.933  0.462 1
 0.542  3.051 1
-1.178  7.063 2
 6.225  2.585 1
 4.751  3.570 1
 0.696  7.873 2
 5.448  2.782 1
 1.403  8.380 2
-1.270  7.609 1
-1.975  6.525 2
 0.451  8.948 2
-0.736  5.968 1
 0.756  4.171 1
 0.695  4.465 1
 5.687  2.253 1
-0.642  8.150 2
-0.439 -1.635 1
 5.441  3.255 1
 5.016 -0.825 1
 2.380  6.155 1
 4.182  0.132 1
 4.121  3.537 1
-0.819  7.821 2
-0.856  7.765 2
-2.510  6.610 2
 1.689  2.145 1
 0.373  8.165 2
 1.472 10.298 2
 0.429  7.739 2
 2.875  5.603 1
 0.788  8.752 2
-0.435  5.036 1
 0.023  8.174 2
 2.902  4.204 1
-0.675  7.900 2
-0.077  8.681 2
 3.024  2.776 1
-1.295  6.495 2
-0.284  7.960 2
 0.138  9.028 2
-0.537  8.034 2
-4.643  4.245 1
 2.872  3.749 1
 1.441  7.937 2
 4.042  3.035 1
-0.876  3.927 1
 0.310  9.038 2
 3.722  0.209 1
 4.907  1.035 1
-1.206  5.953 2
 1.111  8.406 2
 4.575  1.197 1
 2.871  2.064 1
-0.731  7.429 2
 0.151  9.054 2
 0.977  0.518 1
 1.390  9.498 2
 1.545  8.921 2
 1.036  5.720 1
 2.445  5.423 1
-1.798  2.475 1
 5.870  3.667 1
-2.379  5.400 1
-0.481  8.128 2
-0.446  6.426 2
 1.141  7.828 2
 6.542  3.466 1
-1.167  7.922 2
 1.526  8.097 2
-1.006  0.440 1
 4.381  2.227 1
 0.567  8.317 2
 3.659  2.361 1
 1.258  8.713 2
 2.881  3.382 1
 0.150  9.253 2
 0.736  7.832 2
-0.036  3.796 1
 0.586  7.727 2
 0.300  8.067 2
-1.321  5.590 1
 2.921  3.904 1
-0.202  7.715 2
 2.258  1.996 1
-0.637  3.462 1
-1.493  1.544 1
-1.873  7.287 2
 0.267  7.618 2
-2.943  2.323 1
 1.117  8.026 2
 5.552  0.449 1
-0.449  0.832 1
 1.127  1.429 1
 0.288  8.112 2
 3.567  0.504 1
 7.545  1.783 1
 6.548 -2.999 1
 2.055  5.604 1
 0.378  7.735 2
 1.203  8.924 2
 6.565  4.364 1
-0.942  7.477 2
 1.676  1.448 1
 4.955  3.629 1
 2.940  4.496 1
-0.107  1.479 1
 5.552  1.633 1
 1.676  6.025 1
 0.290  7.260 2
 7.520  4.735 1
 0.996  1.565 1
 0.932  3.119 1
 1.684  5.756 1
-2.226  6.661 2
-2.227  4.215 1
 0.007  8.934 2
 1.317  9.616 2
 1.084  9.522 2
 1.039  7.623 2
 1.797  1.803 1
 0.353  9.598 2
 0.928  9.416 2
-0.238  7.292 2
 1.253  8.435 2
 1.596  0.795 1
-1.220  5.809 1
 4.208  1.221 1
-1.509  6.748 2
 1.827  2.620 1
 7.386  0.163 1
-0.229  8.736 2
 1.361  6.140 1
 1.310  8.646 2
 1.043  8.147 2
 1.701 -0.548 1
 0.016  7.929 2
 0.231  7.894 2
 0.563  7.188 2
-0.363  8.320 2
 2.866 -1.771 1
 0.109  9.001 2
 1.327  9.036 2
 1.611  9.206 2
-1.318  7.405 2
 4.173  2.315 1
 5.841  0.324 1
-1.147  7.517 2
 1.684  2.878 1
-0.012  5.562 1
 6.172  4.673 1
 3.531  4.484 1
-0.046  7.453 2
 0.696  7.487 2
-0.242  1.184 1
-0.410  7.485 2
 0.077  3.458 1
-0.518  7.878 2
-1.806  5.793 2
 2.212  2.742 1
 0.097  7.817 2
-0.242  8.624 2
-0.459  7.149 2
-1.583  5.713 1
 4.394  2.268 1
 2.483  7.580 1
-1.375  7.919 2
-0.719  6.794 2
-1.696  3.107 1
 0.131  7.079 2
 3.030  1.301 1
-1.391  7.622 2
-0.880  3.505 1
-0.445  7.828 2
 0.297  7.702 2
 1.261  9.677 2
 2.605 -0.712 1
 1.197  9.262 2
 1.090  9.974 2
 2.564  2.726 1
 0.861  8.878 2
-0.329  1.637 1
 0.009  8.420 2
-2.002  6.409 2
 0.258  7.857 2
-0.815  7.910 2
 0.086  7.554 2
-2.263  3.927 1
 4.326 -2.402 1
 0.908  8.641 2
 0.888  8.315 2
 0.612 -0.934 1
 0.560  2.743 1
 1.450  8.636 2
-3.019  5.898 2
-1.151  7.538 2
 5.661  5.914 1
 2.236  4.004 1
 1.050  8.578 2
-0.635  7.944 2
 1.370  8.872 2
 2.353  3.359 1
 0.014  8.029 2
-1.768  5.833 1
-1.612  5.381 2
 1.941  8.023 2
-0.826  6.753 2
-2.238  3.906 1
 0.944  8.717 2
 3.988 -0.687 1
 3.672 -0.862 1
 1.016  1.979 1
 4.900 -1.288 1
 0.303  1.987 1
-0.895  5.260 1
 2.241  2.375 1
 0.855  7.789 2
-0.507  7.602 2
-0.583  8.524 2
-0.942  8.321 2
 2.416  1.148 1
 1.973  8.946 2
 3.051  4.463 1
 1.339  8.650 2
 0.714  7.142 2
-0.902  3.896 1
-2.619  6.034 1
 1.017  0.763 1
 4.235  5.378 1
-0.687  6.386 2
-3.109  6.018 2
 1.694  3.090 1
-1.627  3.149 1
 2.756 10.320 2
 1.954  8.491 2
-0.952  2.977 1
 0.927  7.675 2
 1.034  4.962 1
 2.526 -0.503 1
 2.691  0.775 1
 1.025  8.183 2
-0.732  6.676 2
 0.566  8.702 2
 0.807  8.886 2
 0.707  3.223 1
 0.251  8.518 2
-1.542  5.488 1
-1.253  7.896 2
 1.720  0.437 1
 0.212  2.187 1
 0.257  6.416 1
 3.508  2.321 1
-0.491  5.465 1
 4.722 -1.124 1
 0.702  8.279 2
 1.289  8.245 2
 2.094  2.429 1
-1.234  6.529 2
-0.723  8.049 2
-0.880  7.748 2
-0.473  8.990 2
 0.067  8.243 2
 4.676  1.814 1
 1.545  3.236 1
 0.502  8.199 2
-0.299  8.427 1
 5.121 -0.637 1
-0.717  6.709 2
 1.071  9.486 2
 1.548  5.351 1
 4.059  3.402 1
-1.342  7.090 2
-0.094  7.106 2
 2.329  9.373 2
 0.082  9.145 2
 4.379  1.035 1
-2.207  5.336 1
 0.246  2.970 1
 3.248  1.941 1
-1.379  7.291 2
-0.529  7.433 2
-0.054  8.401 2
-0.040  0.217 1
-0.105  9.196 2
-2.264  5.318 1
 0.865  8.817 2
-0.540  7.876 2
 0.060  7.648 2
-0.538  8.037 2
-1.286  7.809 2
 0.979  9.047 2
-1.270  4.976 1
 0.598  9.267 2
 2.241  9.685 2
 1.888  1.966 1
-0.776  7.119 2
 3.232  7.744 1
-0.791  6.885 2
-2.010  7.202 1
 0.070  8.013 2
-1.420  6.939 2
-0.748  6.109 2
-0.163  8.415 2
 6.877  5.289 1
 2.979  1.310 1
 4.280  4.340 1
 3.639  5.324 1
 1.198  5.690 1
 0.774  4.298 1
-0.912 -0.735 1
 2.125  9.267 2
-0.308  6.809 1
 0.651  6.720 2
 2.501  3.478 1
 1.011  8.164 2
 7.483 -0.123 1
-3.473  6.398 1
-0.589  6.788 2
 2.235  2.434 1
-0.163  7.352 2
 1.526  8.617 2
-1.201  7.242 2
 1.268  3.515 1
-1.548  3.695 1
-0.705  7.690 2
-0.310  8.117 2
 4.956  2.433 1
-1.484  6.257 2
 0.107  0.238 1
-2.812  4.989 1
 0.651  8.268 2
-0.064  7.161 2
 0.790  3.373 1
-0.040  7.210 2
 0.024  8.134 2
-0.120  8.333 2
 1.126  4.542 1
 1.822  9.516 2
 1.531  7.253 1
 2.013 -0.063 1
 0.977  1.748 1
-0.290  8.030 1
-2.255  6.026 2
 3.441  4.471 1
 1.877  6.921 1
 3.351  1.202 1
 2.160  1.454 1
 0.345  8.258 1
 0.926  4.188 1
-0.727  1.316 1
 2.973  3.002 1
-0.512  8.302 2
 0.332  2.437 1
 0.164  3.242 1
 1.991  0.286 1
-0.042  8.482 2
-1.543  5.836 1
-2.499  6.065 2
 3.302  4.857 1
 1.317  9.612 2
-1.181  7.087 2
 2.076  3.889 1
 0.519  7.481 2
-2.206  2.146 1
 4.825  6.475 1
-2.517  3.433 1
 2.244  7.990 2
-0.790  7.098 2
 2.307  9.352 2
-1.343  6.933 2
 7.285  2.895 1
 1.185  9.860 2
 1.069  9.214 2
-0.756  4.404 1
 0.233  8.371 2
 5.906 -0.237 1
 0.935  8.475 2
-1.006  2.294 1
 0.124  9.439 2
 1.405 10.108 2
 0.649  7.703 2
 4.630  1.724 1
 0.978  7.579 2
 3.958  2.735 1
-1.996  6.041 2
-0.941  7.876 2
 6.615  2.941 1
-0.120  8.161 2
 1.507  1.448 1
-0.070  7.042 2
 1.921  3.210 1
-0.315  8.193 2
 4.106  4.045 1
 1.635  8.387 2
 2.567  0.661 1
 4.013  6.640 1
 0.948  7.801 2
-1.196  6.550 2
 3.564  3.803 1
 3.430  3.105 1
-1.393  6.346 1
 1.324  2.208 1
 1.368 -1.007 1
 3.495  2.330 1
 1.485  8.203 2
 3.422  3.572 1
 1.849  8.484 2
-0.217  6.714 2
 2.129  9.377 2
 6.726  1.221 1
-0.519  1.561 1
 2.285  2.314 1
 8.576  2.693 1
 0.773  7.589 2
 0.820  6.950 1
 3.015  0.931 1
-0.954  8.200 2
 0.189  9.577 2
-2.300  7.451 2
10.519  5.083 1
 0.481 -2.613 1
 0.921  9.085 2
-1.396  8.130 2
 0.365  8.842 2
-1.528  6.576 2
-0.374  1.640 1
 0.119  8.649 2
 1.249  8.689 2
-0.210  3.253 1
-0.724  7.413 2
 3.522  1.880 1
 5.771  3.421 1
 1.869  9.117 2
-0.140  8.027 2
-1.679  8.079 2
-0.977  6.551 2
 6.176  2.127 1
-0.003 10.662 2
-0.588  2.580 1
-0.050  1.917 1
 1.980  5.178 1
 0.448 -0.555 1
 0.854  8.529 2
 0.080  7.913 2
-3.324  1.249 1
-0.086  8.313 2
 1.955  1.462 1
 3.677  3.132 1
 3.823  0.167 1
 0.853  9.605 2
 0.875  9.708 2
-0.609  7.013 2
 1.628 -0.153 1
-0.277  3.237 1
 0.007  9.955 2
 0.192  7.811 2
-0.112  6.361 2
 1.502  1.183 1
 2.383  3.719 1
 5.112  5.619 1
 8.728  6.380 1
 0.913  8.412 2
-0.502  8.691 2
 0.710  1.515 1
 2.157  1.370 1
 0.584  9.354 2
 2.701  3.413 1
-2.192  5.984 2
 3.414  3.649 1
 1.153  4.542 1
-1.182  0.112 1
 1.534  9.314 2
 0.756  9.178 2
-0.034  2.452 1
 3.608  4.251 1
-1.320  8.763 2
-0.006  7.588 2
 0.739  8.676 2
 5.410  7.333 1
 4.480  3.442 1
 1.775  9.746 2
 2.320  4.012 1
 1.905  2.882 1
 2.186 10.746 2
-2.358  7.836 2
-1.723  4.844 1
 0.191  2.419 1
 1.330  5.341 1
-1.231  4.890 1
-0.133  6.049 1
 0.288  7.922 2
-0.768  8.012 2
 0.832  3.256 1
-0.368  3.932 1
 1.369  9.169 2
 0.219 -0.435 1
 1.219  8.439 2
-0.033  3.993 1
 3.675  2.567 1
-1.370  5.186 1
-0.190  2.939 1
-1.178  4.197 1
 2.347  4.729 1
 0.120  9.003 2
 1.022  4.096 1
-0.070  3.679 1
-0.491  7.406 2
 1.219  1.676 1
 1.272  0.236 1
-0.810  4.549 1
 2.554  2.936 1
-0.831  6.962 2
 2.832  2.042 1
 0.128  3.117 1
 0.252  8.025 2
 0.140  8.370 2
 0.551  8.687 2
 3.086  2.575 1
 1.742 -0.488 1
-0.604  2.821 1
 0.316  3.232 1
 1.552  3.263 1
 2.078  5.759 1
 0.043  7.939 2
 3.877  3.141 1
-1.754  5.729 2
 2.300  2.956 1
 0.006  6.903 2
 3.487  4.435 1
 4.308  0.377 1
 5.090  2.736 1
 5.315  2.772 1
 1.892  9.480 2
 2.230  4.637 1
-1.490  6.019 2
-1.177  6.672 1
 3.317  2.863 1
 0.048  8.601 2
-0.730  7.968 2
 2.138  2.359 1
-0.670  4.678 1
 1.727  0.918 1
 3.013  0.840 1
-0.427  8.391 2
 0.333  9.290 2
 1.879  0.537 1
-1.262  7.885 2
 1.728  3.896 1
 0.937  7.778 2
-1.187  1.431 1
-0.550  6.829 2
-0.416  7.871 2
-0.839  5.399 1
-0.227  7.945 2
 5.735  4.630 1
-1.498  6.106 2
-0.571  7.544 2
 0.329  7.806 2
 4.773  3.036 1
 1.047  8.850 2
 3.190  4.191 1
 2.512  4.224 1
-0.380  6.391 2
 5.920  1.697 1
 0.520  7.621 2
-0.855  8.136 2
 1.332  8.113 2
 0.648  5.125 1
-0.723  8.458 2
 1.088  3.091 1
-0.020  8.717 2
-0.811  7.566 2
 6.942 -1.594 1
 5.133  1.254 1
 0.107  7.765 2
 1.190  3.153 1
-2.300  6.624 2
-0.224  6.716 2
-0.592  1.976 1
 4.023  1.130 1
 2.793  5.581 1
-0.464  8.002 2
 0.531  5.897 1
 2.042  5.252 1
 0.694  2.248 1
 2.097  3.848 1
 0.362  7.511 2
 0.114  5.345 1
 4.581  0.878 1
 1.457  8.700 2
 0.196  7.249 2
 0.699  3.220 1
-2.871  5.297 2
 5.700  3.380 1
 4.097  3.728 1
-0.601  7.509 2
-0.137  5.681 1
-0.994  7.467 2
-0.302  7.953 2
 0.550  0.980 1
 0.992  9.607 2
 0.089  8.231 2
 1.428  8.679 2
-0.150  7.989 2
 1.414  4.125 1
 3.003  0.285 1
-2.092  4.208 1
-0.626  6.928 2
 4.448  1.739 1
-1.921  3.687 1
 0.301  8.362 2
 3.604  3.983 1
 3.130  2.885 1
 0.179  3.495 1
 4.250  0.985 1
 0.197  7.284 2
 0.278  7.264 2
 2.422  2.168 1
-0.458  6.352 1
 1.025  8.782 2
 4.394  0.951 1
 7.807  0.233 1
 0.014  8.289 2
 1.729  4.036 1
-2.016  6.212 1
-0.230  7.363 2
 0.737  5.964 1
 4.258 -0.695 1
-2.134  7.183 2
 5.273  5.316 1
-0.294  7.539 2
 5.475  2.579 1
-0.359  6.377 2
-1.343  7.430 2
 6.001  2.108 1
 1.072  8.449 2
 0.011  8.156 2
-0.338  5.247 1
 1.100  9.294 2
-0.631  6.978 2
-2.249  7.311 2
 0.743 10.304 2
 0.738  8.295 2
-0.469  6.800 2
 4.171 10.911 2
 0.329  0.924 1
-1.040  0.172 1
-1.335  2.117 1
-1.139  7.241 2
 0.250  7.904 2
 0.468  8.360 2
 2.476  2.262 1
 1.391  4.349 1
 3.099  6.289 1
-0.304  8.702 2
-1.373  6.859 2
-1.058  7.131 2
 2.957 10.327 2
 0.143  7.082 2
-1.515  7.336 2
-1.108  3.805 1
-0.572  7.736 2
 0.023  8.263 2
 1.249  9.195 2
 3.637  0.513 1
-0.828  8.480 2
 4.876  4.260 1
 2.472 -0.993 1
-0.245  5.358 1
-0.172  8.776 2
 0.708  8.788 2
-2.072  6.318 2
 9.202  0.154 1
-2.106  1.626 1
 1.025  8.408 2
 0.481  8.277 1
-0.779  7.022 2
 1.649  9.229 2
 1.021  9.219 2
-1.351  6.420 2
 0.433  9.164 2
 1.855  4.750 1
-1.688  7.267 2
-1.645  6.323 2
 0.371  7.489 2
 1.279  3.495 1
 3.687  5.912 1
-1.143  7.487 2
-0.061  7.060 1
-1.747  1.902 1
-0.408  8.237 2
-1.562  5.288 2
 2.290 10.009 2
 0.471  8.484 2
 4.581  1.347 1
 1.475  9.726 2
-1.381  8.414 2
 0.548  8.961 2
 0.492  6.470 1
-1.329  4.272 1
-0.708  6.183 2
-5.864  2.728 1
-4.030  3.721 1
-0.211  7.704 2
 1.304  8.496 2
 5.358  1.736 1
-0.614  4.882 1
 1.946  2.496 1
-1.166  7.753 2
 0.114  7.715 2
-0.182  7.537 2
-0.833  8.728 2
 1.462  9.155 2
-1.057  7.699 2
 1.242  8.142 2
 5.345 -1.010 1
-0.468  7.117 2
-1.037  9.282 2
 0.691  8.836 2
 3.914  5.493 1
 5.436  3.369 1
 3.663  1.637 1
-0.341  7.929 2
 0.746  9.305 2
 2.098  9.973 2
-0.236 -0.151 1
 3.111  1.896 1
-0.246  2.052 1
-0.723  8.035 2
 1.057  9.179 2
 3.251 10.352 2
-0.831  6.617 2
 0.364  8.383 2
 0.785  3.177 1
 1.943  9.710 2
-2.556  6.511 2
-0.499  7.156 2
 0.287  7.600 2
 0.115  8.688 2
-0.202  8.919 2
-0.941  8.049 2
 2.157  8.876 2
 1.725  8.397 2
 3.435  1.018 1
-0.562  6.692 2
 1.486  2.045 1
-1.185  7.271 2
 3.818  1.970 1
 0.401  7.916 2
 8.258  0.742 1
-3.291  5.397 1
 0.391  8.090 2
-0.672  8.443 1
-1.532  7.011 2
 0.367  8.488 2
 0.918  8.504 2
 2.043 -1.146 1
-0.218  8.566 2
 2.939  4.381 1
-0.326  6.980 2
-0.974  6.367 2
 1.005  9.130 2
-1.751  6.409 2
 2.211 10.003 2
 3.023  2.744 1
 2.053  4.292 1
 4.077  1.333 1
 2.113  2.373 1
-2.324  0.868 1
-0.807  7.066 2
-1.254  3.251 1
-1.295  6.702 2
 1.812  8.936 2
 2.004  2.148 1
-1.852  7.398 2
 1.369 -1.091 1
 0.295  9.138 2
 4.158 -1.428 1
-0.126  4.135 1
-2.000  6.980 2
-1.709  7.331 2
-1.231  7.466 2
-0.827  7.392 2
 0.123  9.702 2
-1.328  6.671 2
-1.465  5.072 1
 2.025  9.739 2
-0.439  6.758 2
-0.073  7.964 2
 2.312  2.764 1
-1.084  7.960 2
 1.165  9.180 2
 1.151  3.607 1
 0.137  8.305 2
 3.091  5.034 1
 0.397  7.968 2
 1.550  9.227 2
 1.408  0.938 1
-0.334  7.133 2
 0.678  9.526 2
-0.677  5.525 2
-0.941  5.299 1
 0.567  2.978 1
 3.007  0.912 1
 0.150  7.878 2
 2.185 10.407 2
 1.133  8.687 2
-0.818  7.522 2
-0.023  1.583 1
 1.317  9.182 2
 4.350  2.415 1
 1.115  8.062 2
-0.581  3.455 1
-2.486  7.061 1
 0.930  2.135 1
-0.647  5.882 1
 3.463  0.407 1
-0.614  6.428 2
-2.688  3.881 1
 0.135  7.235 2
 0.912  1.685 1
 0.215  7.955 2
 0.343  8.038 2
 0.466  8.873 2
 0.462  6.985 2
 2.496  6.915 1
-0.760  2.234 1
 2.487  2.796 1
-0.295  5.231 1
 0.141  0.503 1
 5.207  5.510 1
 2.537  4.648 1
 1.544  8.922 2
-0.357  7.948 2
-0.350  7.955 2
-0.508  7.531 2
 3.160  5.171 1
 3.613  1.062 1
 1.976  5.319 1
-0.448  8.926 2
-1.504  7.555 2
 3.200  0.755 1
-1.286  7.284 2
-0.002  8.238 2
-1.010  6.541 2
 3.704  1.648 1
 4.527  4.122 1
 0.484  8.734 2
 1.922  2.664 1
 1.710  9.266 2
-0.883  6.984 2
-0.094  7.568 2
 0.124  4.468 1
 1.005  8.524 2
-0.419  8.291 2
 1.859  8.954 2
 1.354  2.921 1
-0.169  7.009 2
-1.006  6.916 2
 0.016  6.778 2
 0.553  8.772 2
 0.423  8.259 2
 4.271  0.653 1
-0.553  7.832 2
-0.658  0.836 1
 3.206  2.253 1
-0.791  3.218 1
-1.729  5.365 1
 1.851  5.234 1
 0.904 -1.325 1
-0.747  7.544 2
 1.672  2.737 1
-1.243  6.963 2
 0.781  3.789 1
 0.091  8.220 2
 0.372  8.940 2
 0.958  8.493 2
-2.349  4.469 1
 2.655 10.328 2
 0.455  7.758 2
 5.675 -1.135 1
-0.276  7.926 2
 0.758  8.212 2
-1.374  7.536 2
 5.739  3.852 1
 0.652  7.954 2
 5.699  2.602 1
 0.298  7.358 2
 2.329  9.498 2
 1.888  8.609 2
-0.802  7.768 2
-1.260  7.518 2
 1.348  5.259 1
 0.773  8.653 2
-1.409  6.672 2
 1.588  1.934 1
 2.702  4.727 1
 0.585  5.607 1
 2.293  0.235 1
-0.293  8.437 2
 6.027  6.936 1
 1.996  3.819 1
 1.073  1.877 1
 5.729 -1.985 1
-0.357  3.360 1
 1.116  8.511 2
-0.910  7.802 2
 7.430  0.470 1
 7.856  1.007 1
-0.244  7.753 1
 1.170  8.379 2
-1.723  7.252 2
-1.537  6.519 2
 1.941  2.363 1
-1.443  7.904 2
 2.452  0.187 1
 4.991  5.854 1
 1.646  1.192 1
-0.420  1.247 1
 0.750  8.310 2
 0.388  7.650 2
 3.150  0.651 1
-1.693  6.418 2
 3.611  1.960 1
-2.754  5.626 2
 1.669  0.488 1
-1.575  6.513 2
-0.263  8.433 2
 1.740  7.191 1
-0.529  8.069 2
 2.266  2.585 1
 6.522 -1.478 1
-0.766  8.824 2
-0.339  7.358 2
-0.081  6.664 2
 1.586  0.587 1
 2.182  6.985 1
-1.039  7.751 2
 3.027  1.078 1
-2.746  7.764 1
 3.467  0.514 1
 0.675  9.177 2
-0.630  6.525 2
-1.406  2.872 1
 4.986  0.331 1
 2.748  1.063 1
-1.118  7.568 2
 5.658 -1.143 1
 1.656  8.680 2
-2.003  5.891 1
 4.700  3.068 1
-0.663  7.928 2
-0.763  7.496 2
 3.004  0.939 1
-2.530  7.123 2
 1.047  8.367 2
 1.217  1.761 1
 3.967  4.608 1
 3.890  1.141 1
 0.154  7.507 2
-0.194  7.740 2
 2.236  5.809 1
 0.369  8.611 2
 2.010 -0.508 1
-1.784  6.677 2
 1.405  9.867 2
 1.806  0.881 1
 0.172  8.629 2
-0.002  3.652 1
-2.835  1.774 1
-0.203  0.884 1
 1.860  9.831 2
 0.043  7.073 1
-0.555  4.261 1
 3.577  3.304 1
 2.191  5.222 1
 2.094 10.130 2
 0.983  8.920 2
 0.759  9.455 2
 2.623 10.032 2
 3.193  1.648 1
 0.036  7.687 2
 5.170  1.908 1
 4.052  5.175 1
 4.402  2.481 1
 3.584  5.494 1
 3.404  5.180 1
 2.775  5.152 1
 4.528  2.625 1
 5.170  2.508 1
-0.010  7.140 2
-2.387  7.758 2
 0.074  8.942 2
 0.074  7.504 2
-1.849  3.939 1
-1.519  7.768 2
 2.957  7.657 1
-0.508  5.521 1
-0.281  8.003 2
 0.653  8.933 2
-1.401  7.590 2
 0.853  8.493 2
 4.821  1.382 1
 0.138  7.810 2
-0.190  2.550 1
 7.361  5.112 1
 6.211  6.409 1
 1.786  1.439 1
-0.117  8.339 2
-2.414  4.643 1
 1.956  3.598 1
-0.588  8.419 2
 0.512  8.597 2
 1.837  9.213 2
 3.643  2.685 1
 3.373  2.229 1
-1.104  3.773 1
 2.472  2.499 1
-2.810  5.652 2
 1.848  0.092 1
-0.386  2.683 1
 3.413  0.348 1
-0.029  3.354 1
 4.097  6.219 1
-0.757  4.313 1
 2.287  3.188 1
 1.445  3.206 1
-0.065  7.800 2
-1.888  6.756 2
 4.497  4.503 1
 3.744 -1.093 1
 0.593  6.998 2
 1.572  9.885 2
 2.963  3.138 1
 2.137  0.588 1
 3.466 -0.748 1
 2.471  2.551 1
-1.467  6.166 2
-0.606  2.688 1
 1.455  8.201 2
 3.692  4.821 1
-0.297  8.453 2
-1.805  6.991 2
 2.325  6.110 1
-0.055  7.751 2
 1.502  9.435 2
 2.482  9.765 2
-0.283  3.272 1
-0.596  8.568 2
 2.062  3.109 1
-0.207  7.711 2
 0.328  8.053 2
 1.874  2.980 1
-1.817  7.491 2
-1.432  3.690 1
 0.533  8.285 2
-0.111  3.921 1
 1.549  7.471 1
 1.409  8.699 2
 3.136 -1.391 1
-0.001  7.820 2
 0.671  7.994 2
 0.249  8.771 2
 2.415 10.031 2
-1.677  5.961 2
 2.869  6.017 1
-0.583  7.322 2
 2.324  4.983 1
-2.313  6.403 2
 0.989  9.073 2
 0.290  1.610 1
-2.568  6.593 1
-1.840  7.817 2
-0.222  5.933 1
 4.561  4.967 1
 0.232  8.022 2
-0.997  7.344 2
-0.810  8.697 2
 2.047  0.146 1
 1.138  9.273 2
 1.730  8.809 2
-0.657  8.297 2
 1.491  4.656 1
 0.465  8.625 2
 0.122  8.183 2
-0.914  7.034 2
 0.493  8.962 2
 0.734  9.069 2
 0.741  8.688 2
 0.213  3.194 1
-1.735  6.815 1
 0.053  7.548 2
 3.886  1.763 1
 1.126  0.896 1
 0.605  6.043 1
-0.899  8.511 2
 7.802  2.751 1
-0.071  7.399 2
 2.537 -0.094 1
 5.526  2.177 1
 0.058  2.582 1
-0.936  7.521 2
-0.029  7.823 2
-2.731  4.845 1
 0.544  8.465 2
 0.317  7.866 2
 0.064  7.536 2
 3.279  4.001 1
 0.068  8.530 2
 4.017  2.187 1
-1.903  4.990 1
 1.053  8.651 2
 3.736  4.272 1
 1.927  3.640 1
-0.191  4.912 1
 2.441  3.214 1
-0.450 -2.104 1
 3.706  4.066 1
 0.304  7.772 2
-4.442  4.361 1
 1.300  7.728 2
-1.039  7.911 2
-1.965  4.082 1
 1.072  4.439 1
-0.655  7.554 2
-1.656  2.953 1
-2.309  0.828 1
-1.198  7.522 2
 2.684  4.768 1
-2.644  4.412 1
-0.939  5.784 2
 0.049  7.628 2
 4.013  2.722 1
 1.223  6.679 1
-1.346  6.776 2
-1.359  7.323 2
-0.065  6.686 2
 4.971  4.256 1
 3.887  3.276 1
-1.578  5.343 1
-3.046  5.085 1
-0.846  8.781 2
 2.106  5.580 1
 1.114  6.073 1
-0.129  7.486 2
 3.826  0.100 1
-0.519  7.264 2
-2.045  4.361 1
 0.209  8.693 2
 1.890  4.411 1
 2.231  4.462 1
-1.982  6.574 2
 3.438  0.088 1
 3.050  4.025 1
-1.113  3.245 1
-0.240  8.636 2
 0.940  8.498 2
-0.220  8.108 2
 0.507  5.961 1
-0.691  7.292 2
-1.409  6.827 2
-0.536  7.896 2
 4.319  3.355 1
 2.918  0.676 1
 6.359  1.966 1
-1.612  7.802 2
 6.082  1.126 1
 7.132  4.044 1
 0.021  6.788 2
 2.173  2.655 1
 3.385  9.901 2
 1.482  5.309 1
 1.860  8.881 2
-1.832  6.462 2
 0.635  8.467 2
 1.169  6.544 2
 3.024  4.467 1
 0.591  8.679 2
 2.438  1.397 1
 1.531  8.419 2
 1.257  9.612 2
 4.304 -0.388 1
 0.853  8.360 2
-1.005  7.358 2
 3.172  1.265 1
-1.603  2.411 1
 1.005  8.451 2
 1.420  9.398 2
-0.608  7.530 2
 1.479  5.215 1
 5.314  3.211 1
 1.067  1.542 1
 2.053  5.030 1
-0.497  7.791 2
 3.570  2.135 1
 0.560  7.954 2
-0.122  2.912 1
-0.492  5.349 1
-0.227  7.948 2
 1.153  9.772 2
 2.128 10.245 2
 3.056  3.714 1
-1.585  6.601 2
 5.938  5.267 1
 0.190  7.888 2
 0.608  8.606 2
 0.445  7.691 2
 1.593  9.594 2
 2.609  1.199 1
-2.228  6.648 2
 2.467  5.349 1
 2.236  5.647 1
-1.357  7.068 2
 4.852  0.555 1
 5.283  1.132 1
 3.159 -0.536 1
 3.816  4.992 1
 2.757  1.265 1
-1.193  7.140 2
 0.295  2.293 1
 0.598  8.275 2
 0.486  9.443 2
 1.632  4.988 1
 2.535  0.433 1
 5.504  2.401 1
-0.873  6.622 2
-1.154  3.531 1
-0.941  3.417 1
 0.868  4.186 1
 6.226  1.878 1
-0.304  7.357 2
 0.181  1.057 1
 0.958  9.425 2
-0.076  8.875 2
 0.309  7.840 2
-1.326  6.985 2
 2.416  9.220 2
 0.452  6.484 1
 4.632  1.590 1
-0.673  7.639 2
 0.475  0.313 1
-0.142  8.681 2
 1.389  3.460 1
 5.010 -1.188 1
 0.991  7.952 2
-0.540  3.835 1
 0.890  8.986 2
 3.072  1.499 1
 2.960  3.367 1
 1.113  5.508 1
-1.121  6.252 2
 2.005  5.060 1
 1.734  3.899 1
 3.860 -1.066 1
 0.315  1.719 1
 4.896  3.519 1
 2.818  2.904 1
-0.423  6.764 2
 3.171  2.107 1
 0.300  9.008 2
-0.683  4.638 1
 4.592  1.837 1
-0.675  8.319 2
 5.186  2.692 1
 0.904  8.783 2
-0.851  1.757 1
 1.607  9.446 2
 0.009  4.592 1
 0.819  9.222 2
-0.023  8.045 2
-1.859  7.150 2
 5.587  3.547 1
-0.660  6.648 2
 1.348  3.519 1
 1.852  3.511 1
 2.103 -0.413 1
-2.512  5.601 2
 1.718  7.736 2
 0.341  8.093 2
-0.099  5.164 1
 0.274  8.483 2
 3.355  3.404 1
-1.159  5.947 1
 3.124 -0.770 1
 1.115  9.344 2
 1.416  4.777 1
 1.174  4.081 1
-1.812  6.334 2
 3.638  1.732 1
 0.822  9.766 2
-0.007  8.500 2
 0.091  8.837 2
-4.122  5.215 1
 4.682  2.509 1
-1.656  7.776 2
 5.760  1.542 1
-1.693  5.393 1
-0.134  7.044 2
 1.137  1.238 1
 0.768  9.294 2
 2.166  3.430 1
 2.948  6.537 1
 4.954  0.706 1
 4.239  1.985 1
-0.222  7.651 2
-1.920  1.762 1
-2.443  2.451 1
 5.480  1.987 1
-0.562  5.553 1
 4.012  5.394 1
 2.039  8.157 2
-0.676  7.979 2
-4.076  8.214 1
 1.932  1.409 1
 5.192 -1.975 1
 0.932  9.050 2
 0.613  9.205 2
-1.600  7.527 2
-1.568  7.392 2
-1.335  6.909 2
 3.210  3.989 1
 1.434  8.095 2
 2.328  5.019 1
-1.840  5.822 2
-0.445  7.748 2
 3.114  4.640 1
-0.912  6.419 2
 3.627  0.637 1
 0.315  9.790 2
-0.040  8.645 2
-0.879  7.128 2
 1.336  8.378 2
 0.656  8.492 2
-0.362  6.872 2
-0.707  3.935 1
-0.920  3.199 1
 1.412  3.785 1
 1.313  6.135 1
-0.383  6.892 2
-0.010  7.846 2
 3.172  1.537 1
 5.214  5.785 1
 2.129  5.505 1
 1.263  1.568 1
-1.094  7.122 2
 6.018  2.702 1
 0.157  8.953 2
 0.137  4.441 1
 1.328 -1.123 1
 1.098  1.138 1
 4.052  3.296 1
 1.958  9.002 2
-0.258  2.876 1
 1.928  1.439 1
 2.511  4.433 1
 1.623  8.707 2
-0.045  9.271 2
-2.360  5.402 2
 3.652  5.033 1
-0.422  6.159 2
 0.688  8.092 2
 2.502  3.253 1
-0.889  3.821 1
 0.857  2.222 1
 0.875  8.229 2
 0.024  7.296 2
 4.081  2.049 1
 0.646  8.782 2
 1.129  6.010 1
 1.389  1.541 1
 2.713  2.965 1
-1.158  7.873 2
 1.007  5.525 1
 0.801  9.158 2
-0.665  8.043 2
 0.390  8.218 2
-0.979  9.161 2
 0.675  6.042 1
-0.138  8.184 2
-2.863  7.772 1
-1.941  7.001 2
 5.786  5.919 1
 5.868 -1.033 1
-0.078  8.423 2
 1.194  8.540 2
 1.590  1.683 1
 3.527  4.029 1
 0.339  0.872 1
 2.215  2.839 1
 2.647 10.394 2
 2.238  6.115 1
 6.555  2.871 1
-0.895  6.642 2
-0.076  7.247 2
 2.796  5.883 1
-1.649  7.050 2
 1.108 10.365 2
 0.858  8.243 2
 2.575  4.377 1
 2.868  9.994 2
 0.613  9.226 2
-0.815  7.096 2
 1.030  3.598 1
 0.025  7.873 2
-0.110  9.121 2
-0.491  7.709 2
 1.259  7.845 2
 7.136  3.360 1
 5.331  3.232 1
 6.628  3.539 1
 3.121 -0.047 1
-1.278  8.027 2
-0.446  9.003 2
 5.403 -2.048 1
-0.122  6.485 1
-1.033  6.000 2
 2.688  6.277 1
-1.035  2.696 1
-1.357  6.860 2
-1.537  6.787 2
 4.693  3.795 1
-2.561  6.979 2
 1.478  4.488 1
 0.402  8.554 2
-2.437  5.893 2
 0.223  1.778 1
 0.228  9.075 2
 1.784  9.139 2
 3.304  0.512 1
 0.034  7.756 2
 4.767  7.687 1
-0.021  8.067 2
 4.574  0.108 1
 0.619  4.232 1
 1.021  3.834 1
 1.750  8.125 2
-1.547  4.509 1
-1.688  6.597 2
 4.976  3.020 1
 1.696  2.646 1
 0.592  7.121 2
 0.324  7.640 2
-1.363  7.078 2
-1.069  7.077 2
 0.074  9.085 2
 2.313 10.344 2
-0.869  7.473 2
 1.474 -1.337 1
 4.542  2.201 1
-1.104  7.406 1
 2.252  1.591 1
 0.570  8.683 2
-3.826  1.434 1
-0.268  8.644 2
 0.125  6.235 2
 2.870  1.461 1
 3.063  6.255 1
-1.555  6.662 2
 0.769  9.291 2
 0.952  8.311 2
 1.624 10.330 2
-0.450  8.016 2
 1.456  9.540 2
 0.173  7.861 2
-0.636  1.519 1
 4.511  0.959 1
 0.504  8.157 2
 4.960  0.656 1
-0.841  6.851 2
