 1.612  2.284 1
 5.711  4.214 2
 1.639  4.016 1
 2.085  3.691 1
 1.725  1.630 1
 7.818  4.048 2
 6.271  3.181 2
 2.510  2.759 1
 2.136  2.623 1
 3.635  4.824 1
 3.694  3.496 1
 0.751  0.349 1
 6.588  2.738 2
 1.858  3.871 1
 7.173  3.284 2
 2.709  2.785 1
 1.960  2.875 1
 7.507  1.396 2
 6.690  1.853 2
 8.494  3.659 2
 6.604  3.065 2
 1.948  3.920 1
 1.772  3.087 1
 6.606  2.493 2
 8.432  2.149 2
 1.483  2.767 1
 6.229  2.615 2
 7.054  3.380 2
 1.614  2.847 1
 2.914  3.895 1
 2.369  3.506 1
 6.973  1.510 2
 7.162  3.086 2
 5.361  2.189 1
 2.182  3.119 1
 2.975  2.492 1
 8.097  2.834 2
 4.152  3.530 2
 5.766  1.714 2
 2.397  4.128 1
 3.071  3.223 1
 1.669  5.869 1
 1.071  4.904 1
 7.693  3.940 2
 5.705  3.069 2
 1.897  2.856 1
 2.684  2.294 1
 6.695  2.597 2
 1.885  2.365 1
 5.916 -0.379 2
 7.350  1.376 2
 5.988  3.933 2
 6.789  6.075 2
 1.376  2.819 1
 8.263  4.128 2
 8.088  2.807 2
 1.811  2.787 1
 2.883  2.937 1
 6.224  3.354 2
 1.346  4.022 1
 7.112  3.748 2
 2.740  1.367 1
 3.233  3.272 1
 0.631  1.017 1
 2.227  2.611 1
 0.529  1.049 1
 5.352  4.591 2
 1.894  2.200 1
 6.020  2.487 2
 1.360  2.331 1
 1.375  4.144 1
 1.376  3.503 1
 3.006  5.514 1
 2.009  3.275 1
 1.925  1.647 1
 1.901  4.921 1
 6.621  2.451 2
 7.462  2.905 2
 1.404  4.864 1
 2.916  0.852 1
 7.505  4.022 2
 6.805  2.163 2
 6.655  3.948 2
 6.801  4.422 2
 2.382  4.600 1
 7.280  3.055 2
 6.923  2.099 2
 7.766  2.441 2
 5.408  3.431 2
 1.369  1.632 1
 7.454  4.929 2
 6.177  2.770 2
 5.176  3.232 2
 7.169  3.964 2
 2.296  0.509 1
 7.001  1.054 2
 7.707  2.735 2
 7.289  3.337 2
 0.055  3.228 1
 8.576  2.720 2
 7.522  1.691 2
 0.711  2.547 1
 2.232  3.489 1
 3.635  1.519 1
 1.889  5.709 1
 2.296 -1.090 1
 7.965  3.885 2
 7.439  2.274 2
 1.434  2.166 1
 5.868  1.375 2
 7.705  0.630 2
 6.643  3.316 2
 6.799  4.549 2
 6.122  2.506 2
 1.438  2.294 1
 0.275  1.387 1
 0.055  1.711 1
 0.565  3.085 1
 7.398  3.869 2
 2.820 -0.012 1
 6.103  3.459 2
 2.608  5.035 1
 4.129  2.988 1
 3.745 -0.470 1
 3.500  2.560 1
 7.028  2.851 2
 2.877  1.333 1
 0.530  3.137 1
 1.325  2.544 1
 6.798  5.217 2
 2.381  5.403 1
-0.537  5.123 1
 1.903  2.782 1
 2.776  1.080 1
 7.965  3.937 2
 5.891  3.711 2
 4.191  2.120 1
 1.532  2.667 1
 6.931  3.106 2
 0.931  2.657 1
 5.880  2.598 2
 8.011  3.128 2
 2.510  2.511 1
 7.571  2.846 2
 7.654  3.417 2
 6.446  3.679 2
 2.750  4.081 1
 7.620  2.755 2
 4.331  2.408 1
 7.748  2.824 2
 3.441  6.703 1
 5.739  1.922 2
-0.249  1.145 1
 8.575  3.008 2
 1.751  5.296 1
 2.704  4.454 1
 3.953  4.172 1
 3.420  5.881 1
 2.514  3.719 1
 5.957  2.240 2
 2.239  1.852 1
 0.666  3.774 1
 6.994  3.484 2
 6.391  2.750 2
 7.915  3.018 2
 7.401  2.622 2
 8.413  3.509 2
 7.468  2.995 2
 6.656  3.086 2
 7.144  3.078 2
 3.128  5.273 1
 7.799  2.893 2
 6.704  3.875 2
 8.587  3.886 2
 1.254  5.825 1
 6.986  2.332 2
 7.678  2.288 2
 2.425  0.721 1
 6.122  3.320 2
 7.367  1.807 2
 0.839  0.586 1
 2.647  2.889 1
 2.734  0.908 1
 5.896  2.780 2
 0.671  3.184 1
 2.761  0.688 1
 2.595  4.484 1
 0.874  3.431 1
 6.854  5.463 2
 1.469  3.301 1
 6.666  4.086 2
 1.678  3.995 1
 2.008 -1.048 1
 7.218  4.187 2
 0.676  2.528 1
 6.638  1.809 2
 1.253  2.450 1
 1.514  2.810 1
 1.743  4.668 1
 8.248  2.088 2
 9.031  3.031 2
 2.120  1.137 1
 0.935  4.786 1
 5.738  2.947 2
 4.072  4.972 1
 5.818  1.440 2
 0.935  0.768 1
 1.897  7.459 1
 6.283  2.935 2
 7.904  1.856 2
 6.587  3.819 2
 2.146  4.240 1
 7.033  2.994 2
 7.736  2.918 2
 7.798  3.534 2
 1.539  3.753 1
 6.063  1.881 2
 1.754  4.048 1
 1.857  4.839 1
 2.100  2.011 1
 2.895  3.431 1
 0.815 -0.343 1
 2.937 -0.216 1
 6.792  3.194 2
 8.044  3.088 2
 6.386  3.923 2
 2.072  3.527 1
 5.700  3.103 2
 6.806  2.884 2
 7.826  3.180 2
 1.760  2.713 1
 2.491  6.081 1
 5.805  4.278 2
 2.803  4.254 1
 5.023  2.620 2
 2.524  3.866 1
 0.016  0.166 1
 1.982  2.454 1
 3.888  2.866 1
 7.934  2.294 2
 6.996  1.549 2
 6.605  2.560 2
 1.571  5.341 1
 0.688  4.575 1
 2.762  3.293 1
 0.662  5.922 1
 2.685  7.006 1
 2.123  1.772 1
 2.906  1.206 1
 7.987  3.033 2
 6.314  1.938 2
 7.434  2.532 2
 2.406 -0.195 1
 7.707  1.986 2
 6.888  2.723 2
 6.719  2.939 2
 8.345  3.148 2
 2.339  3.182 1
 6.140  2.210 2
 1.794 -0.598 1
 3.865  2.797 1
 1.040 -0.771 1
 6.989  2.302 2
 6.765  2.372 2
 5.038  4.667 2
 8.373  3.657 2
 0.659  2.726 1
 6.403  3.388 2
 2.153  4.081 1
 1.677  3.652 1
 6.168  4.016 2
 1.146 -0.870 1
 2.190  1.445 1
 3.677  1.933 1
 3.937  2.975 1
 7.081  3.690 2
 8.276  2.454 2
 2.416  3.503 1
 6.921  3.501 2
 1.768  1.780 1
 2.382  0.177 1
 2.499  3.182 1
 6.268  4.103 2
 8.539  1.978 2
 9.409  3.779 2
 0.117  4.520 1
 1.506  5.295 1
 1.787  4.638 1
 3.117  4.094 1
10.793  4.606 2
 5.885  3.155 2
 1.223  0.743 1
 6.835  3.626 2
 6.538  4.113 2
-0.454  3.113 1
 3.924  4.742 1
 6.691  3.886 2
 5.781  3.601 2
 3.542  3.713 1
 7.758  3.147 2
 3.068  0.961 1
 6.389  2.648 2
 1.285  2.133 1
 5.381  2.981 2
 7.455  2.261 2
 7.863  2.228 2
 1.401  1.396 1
 8.003  2.379 2
 0.020  5.000 1
 5.937  3.357 2
 6.445  2.217 2
 6.868  1.165 2
 5.384  1.374 2
 2.545  2.461 1
 6.499  3.350 2
 6.738 -1.323 2
 4.468  2.612 2
 3.045  1.911 1
 7.856  2.273 2
 1.632  2.944 1
 6.148  3.577 2
 0.235  3.728 1
 8.230  3.506 2
 0.613  0.581 1
 6.290  3.501 2
 7.574  3.158 2
 2.818  0.559 1
 3.808  5.165 1
 1.614  5.511 1
 3.329 -1.273 1
 0.966  4.049 1
 7.200  4.172 2
 7.988  1.871 2
 2.425  1.116 1
 6.059  1.564 2
 7.166  2.991 2
 2.805  3.644 1
 1.401  4.049 1
 8.169  2.287 2
 2.766  2.228 1
 6.557  5.010 2
 7.052  4.116 2
 1.162  4.655 1
 3.735  2.151 1
 3.267  2.299 1
 6.077  3.224 2
 8.210  2.774 2
 6.858  4.687 2
 0.725  5.603 1
 8.107  4.333 2
 7.603  2.734 2
 7.164  3.683 2
 1.660  4.039 1
 2.079  5.026 1
 5.908  4.597 2
 6.833  2.716 2
 2.623  0.993 1
 3.721  0.839 1
 6.868  4.558 2
 9.647  3.194 2
 1.936  2.542 1
 1.384  3.867 1
 3.013  0.494 1
 3.676  0.921 1
 0.101  1.455 1
 2.587  3.272 1
 6.567  2.573 2
 7.070  2.210 2
 8.207  1.737 2
 3.461  4.478 1
 2.176  1.825 1
 8.859  4.061 2
 1.974  3.864 1
 2.760  3.195 1
 5.708  3.962 2
 8.269  3.424 2
 9.275  3.213 2
 6.278  3.353 2
 3.286  1.990 1
 2.071  4.673 1
 2.033  3.003 1
 2.276  1.684 1
 6.687  2.058 2
 6.972  3.162 2
 2.484  2.059 1
 7.544  2.403 2
 6.835  3.077 2
 2.472  1.039 1
 1.442  2.531 1
 1.484  2.110 1
 5.447  3.750 2
 6.780  1.771 2
 9.738  3.088 2
 3.183  4.320 1
 1.435  5.253 1
 7.544  2.964 2
 3.053  3.919 1
 1.309  5.080 1
 6.869  2.560 2
 1.862 -1.465 1
 6.983  3.211 2
 5.426  3.648 2
 1.825  3.315 1
 0.152  2.181 1
 8.403  4.219 2
 7.830  3.605 2
 2.727  3.520 1
 2.490  1.531 1
 0.692  6.522 1
 2.117  3.705 1
 7.435  2.858 2
 8.246  2.605 2
 7.071  2.054 2
 7.742  3.231 2
 7.625  5.252 2
 8.755  2.680 2
 6.982  3.123 2
 2.813  0.889 1
 6.747  3.385 2
 6.009  2.007 2
 2.755  0.534 1
 0.945  3.717 1
 0.967  3.080 1
 0.576  2.291 1
 9.437  2.287 2
 2.991  1.406 1
 6.683  3.021 2
 7.745  5.585 2
 1.578  0.847 1
 1.425  0.439 1
 7.239  4.788 2
 5.870  2.611 2
 3.097  3.983 1
 6.704  2.161 2
 6.873  1.530 2
 6.586  3.774 2
 2.216  1.621 1
 0.104  4.445 1
 2.085  4.305 1
 6.246  2.657 2
 2.050  3.554 1
 5.559  3.252 2
 8.406  4.432 2
 8.795  3.599 2
 6.125  3.521 2
 2.489  2.797 1
 0.685  4.463 1
 6.011  5.400 2
 1.720  3.643 1
 2.206  1.900 1
 3.929  1.747 1
 6.527  2.727 2
 3.074  4.555 1
 7.110  3.237 2
 3.159  5.680 1
 6.867  2.137 2
 1.122  2.566 1
 7.594  1.986 2
 2.162  2.193 1
 0.534  2.912 1
 7.481  3.493 2
 5.917  4.473 2
 3.037  2.079 1
 6.037  3.453 2
 1.246  6.768 1
 2.033  1.291 1
 6.115  3.055 2
 3.050  5.973 1
 7.220  2.023 2
 2.962  4.193 1
 2.097  5.174 1
 2.919  1.612 1
 6.988  2.382 2
 0.708  0.578 1
 4.111  1.844 1
 7.677  3.950 2
 3.191  2.791 1
 1.817  4.806 1
 2.127  2.415 1
 2.947  3.778 1
 1.426  2.490 1
 5.432  2.359 2
 0.708  0.881 1
 9.426  1.213 2
 7.113  5.711 2
 1.196  4.004 1
 1.956  0.901 1
 7.863  3.847 2
 1.865 -1.228 1
 2.054  5.843 1
 3.087  5.286 1
 7.232  5.602 2
 2.341 -1.509 1
 6.431  2.063 2
 2.514  3.400 1
 2.009  5.044 1
 1.644  2.542 1
 7.356  3.225 2
 7.635  3.952 2
 7.544  2.803 2
 2.358  2.549 1
 8.525  4.290 2
 6.600  2.363 2
 2.736 -0.083 1
 6.655  4.469 2
 2.662  5.203 1
 2.230  6.242 1
 2.969  4.106 1
 7.931  4.303 2
 0.502  4.398 1
 1.281  4.912 1
 5.689  2.550 2
 2.304  1.794 1
 7.966  1.165 2
 1.898  3.676 1
 5.520  4.272 2
 1.459  3.699 1
 1.725  0.549 1
 1.199  4.259 1
 1.092  3.797 1
 5.721  1.680 2
 9.383  4.134 2
 2.089  3.009 1
 8.655  0.740 2
 1.086  4.290 1
 5.494  3.385 2
 6.582  4.243 2
 8.221  2.602 2
 7.205  2.142 2
 6.828  2.528 2
 1.607  4.963 1
 1.888  3.562 1
 7.111  2.507 2
 4.428  3.105 1
 7.881  4.276 2
 6.563  4.360 2
 8.362  4.007 2
 1.564  3.891 1
 3.293  2.417 1
 2.316  1.884 1
 7.065  3.054 2
 2.227  1.938 1
 6.509  2.369 2
 7.643  3.180 2
 5.686  2.712 2
 8.147  3.165 2
 0.835  2.045 1
 2.007  4.644 1
 0.768  3.954 1
 7.742  1.509 2
 2.426  1.419 1
 1.529  3.923 1
 6.826  2.052 2
 1.750  0.783 1
 8.078  3.510 2
 7.126  2.896 2
 1.475  2.310 1
 7.263  3.864 2
 2.278  2.849 1
 2.016  2.013 1
 8.125  4.840 2
 6.326  2.024 2
 6.158  2.182 2
 0.967  3.383 1
 5.818  2.213 2
 6.429  2.845 2
 1.125  3.846 1
 7.062  3.338 2
 0.555  4.665 1
 0.606  3.981 1
 5.355  3.194 2
 5.967  3.469 2
 7.667  3.554 2
 6.071  4.125 2
 0.998  2.988 1
 8.642  3.153 2
 6.351  3.801 2
 4.192 -0.020 1
 7.043  2.043 2
 7.530  2.374 2
 7.420  2.530 2
 8.063  2.902 2
 2.932  3.811 1
 0.958  4.767 1
 7.308  3.171 2
 8.083  2.605 2
 0.378  4.953 1
 1.116  5.358 1
 7.421  3.399 2
 2.595  3.223 1
 1.936  3.436 1
 2.569  4.205 1
 7.074  2.900 2
 8.025  1.934 2
 7.887  2.384 2
 7.107  1.777 2
 6.446  3.444 2
 7.396  5.033 2
 7.155  2.155 2
 2.554  6.804 1
 6.799  2.614 2
 6.385  3.172 2
 5.337  2.287 2
 1.394  1.321 1
 8.673  2.463 2
 2.272 -1.970 1
 6.145  5.402 2
 4.484  3.083 2
 3.014  1.722 1
 7.732  4.174 2
 1.877  3.213 1
 1.171  5.125 1
 4.310  2.815 1
 6.101  3.298 2
 1.883  5.498 1
 7.778  2.599 2
 0.285  5.248 1
 7.153  1.109 2
 9.641  1.950 2
 8.053  2.186 2
 2.897  4.438 1
 2.077  2.876 1
 7.555  2.738 2
 3.287 -0.420 1
 7.419  3.127 2
 7.703  2.770 2
 6.189  3.934 2
 1.050  5.695 1
 1.141  1.330 1
 7.218  3.868 2
 1.741  2.237 1
 2.380  0.797 1
 6.803  4.059 2
 7.346  3.659 2
 0.658 -2.091 1
 6.532  3.000 2
 8.067  3.726 2
 1.916  2.462 1
 7.224  2.440 2
 6.551  3.919 2
 5.783  4.450 2
 2.080 -0.065 1
 2.091  1.226 1
 0.373  1.914 1
 0.311  5.339 1
 1.436  3.560 1
 3.094  0.643 1
 3.066  0.937 1
 0.860  3.807 1
 3.535  4.674 1
 7.823  3.426 2
 6.127  1.954 2
 7.649  2.840 2
 6.185  2.618 2
 2.071  2.860 1
 1.029  4.800 1
 5.937  2.081 2
 0.876  0.529 1
 1.765  2.249 1
 7.508  1.969 2
 5.816  3.649 2
 6.189  3.024 2
 2.131  6.465 1
 2.636  0.287 1
 2.450  2.279 1
 7.838  3.346 2
 7.132  2.884 2
 7.625  3.847 2
 8.244  3.575 2
 8.323  2.928 2
 6.475  4.722 2
 5.740  3.442 2
 7.995  1.860 2
 2.243  3.234 1
 2.023  3.917 1
 4.316  1.382 1
 4.152  4.644 1
 6.974  2.464 2
 3.167  4.002 1
 6.212  1.475 2
 4.851  3.596 2
 1.814  2.981 1
 8.615  3.244 2
 0.449  4.099 1
 7.522  3.436 2
 1.080  1.933 1
 0.537  0.557 1
 6.981  2.103 2
 1.650  4.791 1
 1.697  1.574 1
 6.710  2.180 2
 7.078  3.604 2
 4.648  2.393 2
 7.270  2.119 2
 1.383  6.048 1
 6.916  4.283 2
 2.641  3.695 1
 8.473  3.551 2
 6.263  3.720 2
 5.949  3.360 2
 2.533  1.620 1
 1.822  2.223 1
 7.292  3.683 2
 6.901  2.212 2
 7.645  5.055 2
 5.395  3.576 2
 2.005  3.387 1
 3.300  2.626 1
 1.229  0.944 1
 0.766  0.967 1
 2.244  1.530 1
 3.524  4.504 1
 2.386  3.805 1
 2.334  4.580 1
 8.933  2.528 2
 3.437  3.853 1
 6.635  2.974 2
 2.644  5.925 1
 2.620  4.486 1
 2.175  3.235 1
 2.143 -0.722 1
 6.547  2.206 2
 7.299  2.977 2
 6.801  3.099 2
 1.303  2.525 1
 6.763  4.275 2
 0.006  7.813 1
 2.266  1.895 1
 3.021  3.074 1
 2.034  4.652 1
 2.571  2.399 1
 7.872  1.344 2
 7.188  2.563 2
 2.654  4.798 1
 7.658  1.746 2
 1.869 -0.776 1
 8.200  2.027 2
 2.159  3.518 1
 2.792  5.952 1
 2.508  3.227 1
 1.581  2.846 1
 6.750  3.102 2
 1.861  1.357 1
 7.722  1.582 2
 6.941  1.799 2
 2.600  3.018 1
-0.739 -0.360 1
 2.350  4.757 1
 7.680  3.961 2
 7.372  3.501 2
 2.469  6.542 1
 1.774  2.582 1
 0.796  1.581 1
 7.078  3.660 2
 1.319  5.406 1
 1.512  5.977 1
 0.970  4.299 1
 6.726  2.730 2
 6.536  2.515 2
 2.687  4.440 1
 5.456  2.710 2
 1.972  5.368 1
 6.877  1.519 2
 7.568  4.684 2
 6.886  2.393 2
 1.679  3.600 1
 1.695  4.212 1
 2.132  0.539 1
 0.899  1.275 1
 6.492  2.412 2
 5.743  3.073 2
 2.210  0.697 1
 5.886  1.376 2
 6.828  2.908 2
 5.877  1.940 2
 1.094  1.981 1
 5.549  0.712 2
 9.837  3.421 2
 1.107  1.558 1
 2.334  2.996 1
 2.700  1.945 1
 9.640  4.750 2
 6.104  3.280 2
 3.663  2.053 1
 3.117  2.975 1
 5.896  3.732 2
 5.853  3.855 2
-0.239  6.691 1
 7.027  3.412 2
 0.618  5.743 1
 2.020  5.632 1
 6.315  3.959 2
 8.252  4.593 2
 2.472  6.284 1
 1.636  2.221 1
 6.903  2.835 2
 1.703  4.806 1
 1.442  1.732 1
 6.808  1.921 2
 2.964  2.710 1
 2.327  0.187 1
 7.357  1.320 2
 3.653  2.668 1
 0.991  2.903 1
 2.612  3.542 1
 2.438  4.568 1
 7.485  3.240 2
 1.819  2.754 1
 6.502  3.156 2
 1.720  5.001 1
 2.477  5.361 1
 9.470  2.584 2
 6.862  3.784 2
 2.721  5.357 1
 2.504  3.430 1
 1.864  0.972 1
 1.879  6.802 1
 3.214  4.197 1
 7.446  2.702 2
 3.180  6.407 1
 4.342  4.865 1
 6.169  3.336 2
 5.701  2.337 2
 5.777  2.520 2
 1.347  1.754 1
 2.589  2.418 1
 0.347  5.072 1
 2.265  2.192 1
 1.530 -0.245 1
 9.364  2.268 2
 3.444  2.920 1
 9.387  3.055 2
 2.395  2.106 1
 2.809  5.367 1
 8.176  1.927 2
 6.425  3.871 2
 1.764  3.170 1
 1.278  4.433 1
 1.702 -2.878 1
 7.436  2.706 2
 7.188  1.620 2
 2.419  4.523 1
 7.512  3.230 2
 6.242  3.499 2
 0.979  5.596 1
 1.584  3.695 1
 3.151  2.024 1
 6.858  2.684 2
 4.979  3.655 2
 7.564  3.088 2
 2.202  3.027 1
 8.871  2.812 2
 1.959  4.837 1
 7.663  2.704 2
 8.156  3.004 2
 6.880  3.663 2
 7.829  4.588 2
 7.604  3.089 2
 8.944  2.987 2
 0.947  2.587 1
 6.104  3.584 2
 1.757  2.882 1
 2.829  4.042 1
 5.289  2.079 2
 4.044  3.900 1
 1.977  5.251 1
 6.802  3.719 2
 6.746  3.724 2
 0.347  4.171 1
 1.607  3.607 1
 1.304  4.055 1
 8.480  2.677 2
 7.755  3.156 2
 1.216 -0.479 1
 2.361  4.720 1
 1.704  3.339 1
 8.363  5.325 2
 6.133  2.378 2
 2.080  2.557 1
 2.432  5.463 1
 1.209  1.901 1
 1.674  2.873 1
 6.743  1.244 2
 1.908  1.247 1
 5.664  1.477 2
 8.356  2.314 2
 6.947  3.200 2
 9.669  4.690 2
 2.904  4.452 1
 7.311  1.695 2
 6.196  3.454 2
 2.098  1.939 1
 2.167  2.790 1
 3.014  0.462 1
 8.369  3.857 2
 0.302  2.797 1
 1.416  3.427 1
 6.935  2.155 2
 7.633  3.649 2
 2.257  4.184 1
 1.619  2.741 1
 8.568  4.210 2
 2.170  1.312 1
 2.327  3.260 1
 5.906  2.662 2
 2.110  4.976 1
 6.856  3.644 2
 6.940  3.340 2
 1.377  2.320 1
 7.683  2.687 2
 2.849  5.074 1
 2.374  3.847 1
 2.475  1.599 1
 6.871  2.564 2
 5.752  2.906 2
 2.695  2.608 1
 6.362  2.659 2
 7.030  3.231 2
 0.547  3.758 1
 6.743  2.656 2
 7.427  2.725 2
 5.746  3.378 2
 7.812  3.092 2
 6.567  2.278 2
 2.062  3.240 1
 5.961  4.463 2
 2.366  2.250 1
 7.894  2.736 2
 7.578  2.143 2
 8.048  1.924 2
 3.679  0.990 1
 3.706  4.264 1
 6.543  3.122 2
 1.329  3.813 1
 2.577  3.840 1
 6.434  3.306 2
 1.669 -0.077 1
 7.374  3.330 2
 2.231  2.128 1
 7.538  2.745 2
 6.678  3.095 2
 8.876  2.255 2
 6.174  2.712 2
 1.362  0.114 1
 2.776  2.922 1
 7.813  2.121 2
 7.741  3.702 2
 6.757  3.828 2
 2.012  4.781 1
 3.186  5.148 1
 2.729  2.256 1
 8.726  3.626 2
 3.372  5.736 1
 8.925  3.414 2
 1.942  1.777 1
 0.640  1.955 1
 2.860  3.811 1
 7.163  3.718 2
 0.455  3.260 1
 5.937  2.162 2
 2.859  3.842 1
 3.680  2.257 1
 7.161  3.053 2
 1.368  3.378 1
 8.830  2.606 2
 1.912  3.914 1
 3.664  3.079 1
 6.425  1.108 2
 1.976  2.373 1
 1.057  2.344 1
 1.171  2.901 1
 8.544  1.821 2
 6.463  2.195 2
 7.212  4.568 2
 2.536  1.029 1
 0.840  0.646 1
 1.921  3.392 1
 1.255  0.514 1
 6.436  2.749 2
 7.265  2.575 2
 7.388  3.172 2
 8.297  1.876 2
 8.054  5.340 2
10.156  2.871 2
 0.951  1.024 1
 1.835  4.172 1
 6.905  2.213 2
 2.806  2.719 1
 0.844  2.933 1
 6.097  2.489 2
 8.547  2.109 2
 6.314  4.464 2
 1.802  1.741 1
 1.829  5.936 1
 6.646  3.708 2
 6.168  3.467 2
 8.124  1.780 2
 0.682  3.012 1
 3.309  5.168 1
 2.162  3.145 1
 8.469  4.425 2
 7.435  2.032 2
 7.795  3.359 2
 7.048  3.798 2
 7.029  2.405 2
 1.079  3.794 1
 7.722  2.862 2
 0.047  1.899 1
 6.107  3.591 2
 5.695  3.215 2
 1.924  0.539 1
 7.064  4.057 2
 2.722  3.760 1
 2.628  4.776 1
 1.780  5.207 1
 6.278  3.070 2
 2.646  1.127 1
 1.037  1.095 1
 3.543  1.203 1
 1.031  2.194 1
 2.857  2.689 1
 2.342  0.164 1
 6.578  2.127 2
 2.590  2.967 1
 5.573  2.047 2
 5.141  3.001 2
 1.276  3.066 1
 1.865  3.145 1
 1.500  2.240 1
 1.858  4.486 1
 0.818 -1.449 1
 7.102  2.419 2
 8.570  3.177 2
 1.542  2.132 1
 8.307  3.187 2
 2.196  2.942 1
 5.915  3.083 2
 1.319  2.141 1
 2.544  3.519 1
 7.721  4.182 2
 8.020  4.788 2
 5.249  3.025 2
 5.277  2.820 2
 2.499  2.593 1
 7.760  3.422 2
 7.322  2.140 2
 1.013  1.903 1
 0.108  6.830 1
 5.404  2.415 2
 2.938  1.662 1
 1.523  1.314 1
 2.399  3.490 1
 1.364  2.768 1
 2.325  0.475 1
 8.125  1.788 2
 8.380  1.464 2
 6.174  4.251 2
 7.282  3.539 2
 1.821  1.812 1
 2.250  2.384 1
 5.999  3.298 2
 7.331  4.083 2
 2.858  2.474 1
 2.914  2.290 1
 7.167  3.248 2
 1.009  1.517 1
 6.691  2.284 2
 0.965  1.827 1
 1.451  3.091 1
 1.220  4.670 1
 0.346  4.202 1
 1.363  4.333 1
 8.355  2.223 2
 6.042  5.016 2
 2.315  4.506 1
 0.812  3.805 1
 8.020  2.561 2
 3.642  6.402 1
 6.392  2.563 2
 2.877  2.146 1
 2.303  0.596 1
 0.821 -0.171 1
 3.966  4.333 1
 7.370  2.366 2
 7.412  4.780 2
 6.741  3.952 2
 6.752  2.536 2
 6.542  2.585 2
 2.658  5.891 1
 6.923  4.889 2
 1.786  0.414 1
 2.090  4.691 1
 8.569  2.955 2
 7.354  3.782 2
 8.164  2.451 2
 7.132  2.566 2
 7.228  3.254 2
 1.658  0.124 1
 6.114  3.563 2
 1.934  1.694 1
 5.576  3.091 2
 6.423  2.496 2
 6.808  5.671 2
 1.725  2.152 1
 2.329  2.734 1
 2.236  3.053 1
 2.852  1.206 1
 8.374  1.789 2
 3.135  4.084 1
 7.109  1.587 2
 0.976  3.642 1
 6.023  3.271 2
 6.343  2.920 2
 1.419  3.938 1
 1.907  0.645 1
 5.700  3.258 2
 7.155  3.246 2
 1.313  2.511 1
 6.688  3.525 2
 3.008  4.071 1
 1.540  3.027 1
 4.852  3.908 2
 3.065  2.093 1
 8.214  3.780 2
 6.730  3.846 2
 2.644  5.408 1
 7.727  2.403 2
 7.048  2.083 2
 6.075  3.938 2
 7.417  4.090 2
 3.440  2.116 1
 2.365  3.001 1
 2.334  5.637 1
 6.658  2.984 2
 3.300  2.605 1
 5.940  3.128 2
 5.467  3.729 2
 6.416  2.666 2
 6.415  3.222 2
 7.528  3.036 2
 6.440  3.061 2
 3.013  4.685 1
 1.785  3.706 1
 8.541  2.855 2
 7.067  3.243 2
 3.969  4.657 1
 3.039  2.355 1
 8.520  3.443 2
 8.032  3.592 2
 7.349  3.902 2
 3.701  4.149 1
 8.353  3.006 2
 3.245  4.173 1
 8.190  2.291 2
 3.038  2.461 1
 5.402  4.671 2
 6.549  2.889 2
 5.946  3.174 2
 9.605  2.361 2
 7.291  3.017 2
 8.844  4.482 2
 2.794  4.775 1
 1.906  4.619 1
 9.387  2.687 2
 7.891  2.961 2
 2.324  4.487 1
 7.634  3.923 2
 5.121  3.716 2
 1.253  2.697 1
 7.312  2.829 2
 7.745  1.895 2
 6.206  3.099 2
 6.906  2.981 2
 7.514  2.397 2
 2.108  3.702 1
-0.035  3.473 1
 7.657  1.195 2
 1.682  4.128 1
 7.331  3.536 2
 1.540  3.257 1
 8.122  5.566 2
 6.779  4.540 2
 3.726  4.561 1
 2.161  4.530 1
 8.351  2.408 2
 4.263  4.338 1
 8.220  3.110 2
 2.652  5.607 1
 2.844  2.456 1
 7.831  1.650 2
 7.213  2.251 2
 3.155  4.536 1
 2.009  3.150 1
 7.930  1.868 2
 5.026  2.728 2
 6.857  2.973 2
 5.357  3.698 2
 0.838  1.421 1
 1.569  4.137 1
 0.580  3.375 1
 0.728  3.059 1
 8.114  4.973 2
 7.553  3.841 2
 1.049  0.468 1
 6.519  2.834 2
 7.743  2.251 2
 1.992  1.656 1
 1.417  6.006 1
 2.530  5.073 1
 3.792  2.798 1
 8.316  4.120 2
 6.999  3.078 2
 2.637  4.313 1
 7.059  3.285 2
 6.720  4.906 2
 0.762  3.258 1
 5.832  2.825 2
 8.293  5.023 2
 6.881  1.902 2
 6.035  3.254 2
 1.001  4.513 1
 0.465 -0.114 1
 2.653  0.957 1
 0.576  3.707 1
 5.911  5.285 2
 7.401  3.035 2
-0.102  1.943 1
 2.164  3.256 1
 2.877  2.940 1
 0.836  5.955 1
 7.519  3.965 2
 6.743  3.885 2
 7.862  4.134 2
 3.518  2.174 1
 6.502  2.129 2
 1.158  6.956 1
 2.479  3.156 1
 3.364  2.249 1
 2.710  1.988 1
-0.384  2.709 1
 8.597  4.002 2
 0.840  2.933 1
 1.546  2.756 1
 6.447  3.732 2
 2.105  2.375 1
 8.084  3.901 2
 2.114  1.957 1
 2.816  3.781 1
 2.972  3.630 1
 6.674  3.630 2
 6.589  3.453 2
 7.862  4.141 2
 0.430  3.309 1
 2.829  2.301 1
 7.344  3.688 2
 6.475  2.037 2
 6.692  3.189 2
 2.094  0.330 1
 2.410  1.469 1
 2.097  2.818 1
 7.501  2.714 2
 2.962  6.548 1
 2.711  1.520 1
 7.053  3.143 2
 9.389  3.927 2
 0.963  2.358 1
 1.005  4.443 1
 1.588  2.210 1
 7.244  3.952 2
 7.566  4.050 2
 1.628  3.670 1
 6.341  3.030 2
 3.446  3.896 1
 5.489  2.536 2
 1.289  4.575 1
 7.090  3.043 2
 3.139  4.227 1
 3.942  3.857 1
 6.032  1.977 2
 6.016  3.985 2
 2.010  2.263 1
 2.712  3.302 1
 3.419  2.834 1
 8.366  2.150 2
 8.259  2.525 2
 6.457  2.442 2
 2.786  0.886 1
 6.923  2.761 2
 9.231  3.490 2
 6.046  1.831 2
 6.846  3.966 2
 6.480  2.589 2
 0.308  2.839 1
 0.306  1.716 1
 5.700  2.869 2
 0.637  4.328 1
 6.821  5.228 2
 2.344  2.601 1
 7.720  1.196 2
 2.011  4.404 1
 7.973  2.287 2
 7.074  1.129 2
 1.667  1.862 1
 2.827  2.771 1
 2.792  9.443 1
 2.777  6.313 1
 7.823  2.805 2
 3.308  3.561 1
 6.565  3.535 2
 7.028  3.015 2
 0.998 -0.785 1
 7.328  3.058 2
 0.802  5.204 1
 6.689  3.348 2
-0.709 -0.133 1
 2.820  3.382 1
 2.170  5.057 1
 0.894  3.945 1
 1.440  5.145 1
 6.528  3.053 2
 1.298  2.909 1
 8.326  1.492 2
 1.796  1.603 1
 6.819  3.861 2
 0.689  0.678 1
 6.658  3.892 2
 4.555  3.897 2
 2.229  3.423 1
 1.267 -2.931 1
 1.979  2.983 1
 1.898  3.767 1
 6.394  3.311 2
 2.398  4.126 1
 2.717  2.100 1
 1.674  0.328 1
 1.207  4.206 1
 2.923  4.442 1
 1.463  2.336 1
 3.204  3.355 1
 2.016  2.524 1
 0.907  5.572 1
 3.381 -0.647 1
 0.633  4.564 1
 6.207  4.218 2
 8.179  4.007 2
 0.778  3.125 1
 7.278  2.520 2
 1.907  4.801 1
 2.231  4.898 1
 6.916  2.131 2
 8.023  0.979 2
 7.199  4.336 2
 1.214  6.682 1
 7.171  0.933 2
 0.530  1.372 1
 7.741  2.749 2
 8.057  2.980 2
 1.597  2.030 1
 7.393  2.212 2
 1.760  3.533 1
 5.563  3.461 2
 7.406  2.058 2
 6.889  4.976 2
 5.771  3.126 2
 6.707  2.106 2
 7.383  3.700 2
 7.083  2.251 2
-0.027  1.474 1
 8.275  3.489 2
 7.108  2.637 2
 1.809  3.167 1
 1.598  2.716 1
 1.478  0.194 1
 3.275  2.310 1
 6.897  3.591 2
 6.966  2.786 2
 6.878  3.166 2
 0.380  3.989 1
 2.627  3.354 1
 2.326  1.191 1
 2.309  1.385 1
 1.590  1.866 1
 3.050  0.392 1
 6.624  5.018 2
 1.299  3.886 1
 2.770  2.368 1
 7.899  2.666 2
 3.590  0.373 1
 1.948  3.745 1
 4.129  3.442 1
 3.457  4.558 1
 0.236  3.175 1
 6.993  3.135 2
 5.861  3.661 2
 7.895  2.502 2
 7.354  3.004 2
 0.964  2.859 1
 6.990  2.363 2
 2.687  2.148 1
 7.222  2.507 2
 2.440  1.705 1
 7.208  2.709 2
 1.622  1.754 1
 7.669  3.617 2
 6.103  2.757 2
 0.850  4.001 1
 4.137  0.687 1
 9.792  3.662 2
 6.982  3.091 2
 6.562  2.721 2
 1.487  3.874 1
 7.959  2.884 2
 7.280  2.603 2
 7.183  2.424 2
 3.762  3.716 1
 1.981  2.645 1
 1.259  2.750 1
 7.109  3.171 2
 6.301  2.613 2
 1.755  3.610 1
 2.898  1.098 1
 1.692  0.863 1
 2.410  3.087 1
 4.808  1.529 2
 3.174  5.531 1
 2.965  0.337 1
 1.866  2.572 1
 9.496  3.947 2
 1.428  3.774 1
 6.297  2.196 2
 7.471  2.873 2
 6.025  2.185 2
 2.494  1.755 1
 6.050  2.341 2
 3.032  3.524 1
 7.930  2.343 2
 7.889  3.014 2
 6.467  3.416 2
 6.473  2.671 2
 2.612  5.502 1
 8.224  2.591 2
 6.223  2.607 2
 1.525  0.472 1
 1.909  0.967 1
 2.365  4.622 1
 2.341  3.141 1
 3.969  2.069 1
 2.356  1.517 1
 6.914  3.382 2
 1.824  3.051 1
 6.030  4.680 2
 0.999  0.603 1
 6.606  2.139 2
 2.942  3.746 1
 6.586  3.243 2
 7.503  1.902 2
 2.883  2.369 1
 7.148  2.332 2
 6.574  0.838 2
 2.184  2.668 1
 1.892  1.894 1
 2.183  5.682 1
 4.093  2.696 2
 2.145  1.975 1
 6.258  3.163 2
 7.337  5.009 2
 8.157  2.938 2
 1.882  0.946 1
 2.913  2.374 1
 8.405  3.400 2
 7.695  4.283 2
 6.678  3.860 2
-0.386  4.126 1
 7.346  2.004 2
 3.706 -0.257 1
 0.555 -0.087 1
 6.673  2.366 2
 5.678  2.449 2
 0.493  2.798 1
 7.368  3.211 2
 6.332  2.996 2
 7.060  4.258 2
 7.236  3.073 2
 1.969  2.868 1
 6.213  4.045 2
 9.067  3.511 2
 7.859  2.030 2
 7.238  3.560 2
 4.739  3.368 2
 6.628  3.196 2
 6.016  2.727 2
 1.047  4.833 1
 8.706  2.605 2
 1.800  4.819 1
-0.163  3.628 1
 5.774  3.219 2
 3.126  3.219 1
 7.701  2.374 2
 6.866  1.892 2
 0.793  2.682 1
 7.613  2.239 2
 2.402  3.044 1
 6.894  2.564 2
 2.424  3.494 1
 9.053  3.256 2
 6.944  2.746 2
 1.003  2.003 1
 6.291  3.459 2
 7.972  4.885 2
 2.114  0.718 1
 6.934  3.854 2
 7.311  3.327 2
 3.052  1.113 1
 0.604  3.864 1
 3.803  6.742 1
 2.321  3.567 1
 1.794  3.059 1
 6.194  4.473 2
 2.598  1.671 1
 6.971  3.831 2
 6.817  4.618 2
 7.521  2.097 2
 1.573  4.892 1
 8.852  1.313 2
 5.372  4.526 2
 7.059  2.503 2
 7.805  3.196 2
 6.370  2.361 2
 0.883  0.629 1
 6.943  2.329 2
 7.815  2.238 2
 1.599  5.586 1
 6.902  2.949 2
 6.460  1.930 2
 1.831  1.139 1
 1.438  2.048 1
 1.036  7.076 1
 5.996  3.664 2
 7.740  2.688 2
 2.502  4.573 1
 0.005  2.203 1
 4.389  3.806 2
 1.704  0.947 1
 1.745  4.496 1
 3.050  3.115 1
 8.212  5.179 2
 2.776  3.556 1
 2.584  3.894 1
 8.010  4.156 2
 5.433  1.594 2
 2.039  0.937 1
 1.292  2.582 1
 1.027  3.893 1
 2.355  3.566 1
 6.469  2.613 2
 0.551  5.337 1
 5.316  2.000 2
 2.244  2.885 1
 7.156  3.868 2
 8.064  3.180 2
 2.887  2.643 1
 0.912  4.569 1
 6.310  2.237 2
 6.265  2.799 2
 2.755 -2.079 1
 7.521  1.048 2
 5.535  3.818 2
 3.428  5.140 1
 3.521  1.670 1
 5.336  1.889 2
 2.593  4.623 1
 3.475  1.349 1
 3.542  4.153 1
 2.424  4.158 1
 6.929  3.617 2
 5.727  2.900 2
 7.920  3.838 2
 0.412  0.917 1
 0.750  1.927 1
 7.405  2.135 2
 3.097  3.883 1
 8.039  1.625 2
 7.592  4.572 2
 6.951  2.168 2
 1.319  5.485 1
 0.676  1.994 1
 1.527  1.417 1
 7.570  3.162 2
 3.161  0.185 1
 8.469  5.542 2
 6.113  3.987 2
 3.928  3.014 1
 3.753  0.709 1
 7.566  2.753 2
 2.455  3.112 1
 6.260  3.946 2
 9.072  1.284 2
 6.955  3.608 2
 1.568  2.479 1
 6.841  2.513 2
 7.488  3.386 2
 4.413  2.018 2
 0.774  2.942 1
 2.745  3.864 1
 7.816  3.077 2
 7.508  0.788 2
 2.038  2.268 1
 3.011  1.377 1
 7.039  2.206 2
 7.986  3.003 2
 7.064  2.478 2
 2.942  3.497 1
 5.096  1.187 2
 6.397  3.184 2
 4.370  0.464 1
 5.339  3.529 2
 7.867  3.251 2
 2.701  5.723 1
 8.386  3.414 2
 2.571  2.040 1
 2.426  2.014 1
-0.234  1.903 1
 1.900  2.276 1
 2.192  2.927 1
 7.058  1.907 2
 7.290  3.806 2
 7.020  2.833 2
 8.231  1.567 2
 1.220  1.449 1
 1.716  2.545 1
 6.514  1.966 2
 0.296  2.979 1
 7.168  3.593 2
 0.737  3.195 1
 7.852  3.217 2
 1.575  1.513 1
 7.289  2.146 2
 4.794  4.394 2
 5.235  2.952 2
 2.582  1.810 1
 5.236  1.222 2
 2.581  3.209 1
 1.082  2.801 1
 2.423 -1.428 1
 2.196  1.908 1
 2.383  2.083 1
 2.975  1.681 1
 2.756  3.957 1
 1.970  0.949 1
 5.824  3.131 2
 2.656  1.109 1
 6.267  2.864 2
 2.795 -2.069 1
 6.812  4.194 2
 5.709  4.382 2
 5.759  4.062 2
 0.651  2.540 1
 2.213  0.002 1
 6.483  2.440 2
 0.621  3.166 1
 7.044  2.310 2
 4.868  5.483 2
 7.713  1.878 2
 3.389  2.822 1
 0.874  0.151 1
 8.677  5.310 2
 6.570  3.454 2
 3.348  6.307 1
 6.417  4.055 2
 8.765  3.927 2
 7.930  3.045 2
 3.969  7.338 1
 2.556  3.327 1
 8.467  3.189 2
 6.663  2.147 2
 0.735  0.909 1
 0.480  2.615 1
 7.197  1.013 2
 1.588  0.449 1
 6.643  3.268 2
 1.337  4.584 1
 2.403  5.285 1
 1.173  4.530 1
 7.643  3.312 2
 2.564  5.294 1
 6.970  0.424 2
 1.739  1.074 1
 6.848  2.609 2
 8.115  2.346 2
 0.167  3.669 1
 0.257  3.791 1
 1.980  4.704 1
 2.408  5.356 1
 1.873  1.566 1
 7.045  2.348 2
 0.856  4.297 1
 7.435  2.049 2
 8.865  2.750 2
 6.688  4.037 2
 1.943 -0.391 1
 3.005  3.954 1
 6.381  3.626 2
 7.683  0.881 2
 2.512  2.827 1
 6.087  2.162 2
 1.379 -0.165 1
 2.334  3.753 1
 7.596  3.530 2
 0.251  5.625 1
 9.110  2.310 2
 2.649  0.041 1
 6.265  2.540 2
 6.326  2.886 2
 0.130  1.807 1
 6.668  3.120 2
 5.859  4.001 2
 2.203  3.138 1
 6.187  2.377 2
 2.366  1.574 1
 1.642  1.821 1
 6.898  5.212 2
 6.685  4.396 2
 6.138  2.192 2
 6.302  2.409 2
 1.072  4.807 1
 2.125  5.498 1
 1.357  2.306 1
 6.630  1.761 2
 7.398  2.279 2
 2.351  5.129 1
 1.469  3.466 1
 2.462  2.880 1
 9.713  2.475 2
 1.652  5.084 1
 1.848  1.180 1
 3.043  0.501 1
 6.260  3.065 2
 6.042  4.956 2
 1.542  3.432 1
 7.139  3.429 2
 5.891  2.977 2
 7.468  3.458 2
 7.216  3.450 2
 1.834  2.928 1
 7.241  1.897 2
 6.282  3.770 2
 2.389  3.728 1
 5.607  4.621 2
 5.630  2.136 2
 2.510  1.984 1
 6.278  1.849 2
 6.834  1.858 2
 3.187  1.474 1
 3.260  3.507 1
 6.697  3.886 2
 6.746  3.318 2
 8.440  4.938 2
 4.285  4.175 1
 5.987  2.969 2
 8.739  1.775 2
 1.010  2.869 1
 6.275  2.323 2
 3.491  3.566 1
 0.262  4.788 1
 7.337  2.379 2
 8.387  3.662 2
 1.446  2.737 1
 7.482  3.163 2
 2.564  5.560 1
 1.025  5.207 1
 6.620  3.301 2
-0.836  2.717 1
 6.085  2.541 2
 1.624  1.523 1
 2.550  2.308 1
 6.925  4.194 2
 6.948  0.940 2
 2.422 -2.518 1
 1.235  1.849 1
 7.132  3.324 2
 2.364  0.218 1
 6.195  2.168 2
 7.570  4.540 2
 8.827  2.319 2
 1.731  2.908 1
 2.559  4.204 1
 7.947  3.443 2
 9.372  3.092 2
-0.011  4.287 1
 6.925  1.885 2
 4.790  3.035 2
 3.005  1.600 1
 6.277  3.032 2
 1.778  3.763 1
 1.207  5.406 1
 5.772  2.178 2
 6.511  4.737 2
 6.809  3.604 2
 2.554  4.985 1
 3.257  4.972 1
 7.661  1.389 2
 2.015  4.091 1
 6.523  3.018 2
 6.966  2.610 2
 0.825  4.521 1
 6.424  1.977 2
 7.672  2.640 2
 7.007  4.121 2
 1.188  3.822 1
 3.196  4.190 1
 3.040  5.473 1
 2.840  3.321 1
 2.409  3.594 1
 7.386  3.776 2
 1.464  3.297 1
 5.927  3.418 2
 2.577  2.088 1
 7.154  4.239 2
 6.442  3.372 2
 5.025  4.575 2
 9.143  2.388 2
 3.375  2.958 1
 4.393  3.328 2
 1.665  3.757 1
 0.546  6.385 1
 1.948  3.145 1
 6.313  2.285 2
 8.890  3.193 2
 6.560  3.050 2
 7.863  3.591 2
 2.363  3.214 1
 1.354  1.637 1
 8.541  1.728 2
 7.854  3.986 2
 3.133  2.959 1
 7.240  2.604 2
 2.880  4.477 1
 6.636  3.512 2
 6.999  3.153 2
 1.347  3.319 1
 5.787  2.518 2
 2.089  4.321 1
 1.949 -0.017 1
 1.806  0.742 1
 8.839  3.318 2
 8.210  1.745 2
 3.185  3.181 1
 6.181  2.077 2
 2.468  1.706 1
 1.644  4.635 1
 2.158  1.617 1
 6.354  1.552 2
 5.675  3.081 2
-0.128  5.296 1
 9.088  3.294 2
 1.650  1.401 1
 8.012  2.140 2
 5.622  4.354 2
 6.416  4.412 2
 6.444  0.872 2
 8.558  3.558 2
 6.584  3.805 2
 7.624  3.101 2
 0.015  1.522 1
 6.132  2.930 2
 6.958  2.142 2
 1.183  2.878 1
 4.329  2.959 1
 6.319  2.944 2
 7.042  2.837 2
 0.435  2.392 1
 1.833  4.135 1
 5.426  4.434 2
 1.354  3.501 1
 6.898  4.225 2
-0.115  2.416 1
 6.388  3.821 2
 7.429  2.000 2
 4.978  1.329 2
 3.584  5.203 1
 8.045  3.550 2
 6.734  0.906 2
 2.136  4.641 1
-0.779  1.858 1
 3.719  2.293 1
 1.398 -1.058 1
 2.636  2.889 1
-0.622  6.566 1
 6.371  3.989 2
 1.044  3.303 1
 1.408  5.538 1
 7.056  2.441 2
 1.568  4.425 1
-1.204  2.331 1
 6.421  2.105 2
 9.204  3.125 2
 6.934  2.004 2
 2.507  2.324 1
 6.166  3.053 2
 0.110  3.327 1
 7.172  4.316 2
 0.406  3.599 1
 2.527  3.430 1
 5.925  2.060 2
 8.069  3.224 2
 6.376  1.576 2
 7.238  4.214 2
 8.211  1.755 2
 1.392  3.907 1
 7.440  1.742 2
 1.515  1.945 1
 1.212  7.409 1
 6.912  4.027 2
 6.547  3.049 2
 6.457  3.466 2
 8.368  2.712 2
 6.216  2.786 2
 2.002  3.189 1
 7.948  3.892 2
 2.292  4.961 1
 2.046  5.997 1
 7.064  2.645 2
 0.800  0.314 1
 1.727  5.250 1
 1.283  1.888 1
 8.101  2.477 2
 1.025  1.711 1
 7.441  3.937 2
 6.083  3.256 2
 0.652  2.531 1
 6.244  2.896 2
 2.369  0.641 1
 1.044  3.293 1
 3.265  2.794 1
 7.084  2.918 2
 1.322  0.562 1
 7.587  2.655 2
 1.253  3.826 1
 6.379  3.449 2
 0.407  2.587 1
 2.599  2.400 1
 8.962  2.708 2
 1.561  2.463 1
 5.364  2.695 2
 6.883  2.389 2
 8.157  4.466 2
 1.404  5.200 1
 7.812  2.978 2
 7.004  3.819 2
 9.186  1.086 2
 2.232  4.590 1
 1.502  2.021 1
 7.528  2.687 2
 6.522  3.893 2
 6.670  2.638 2
 6.604  3.384 2
 0.252  2.551 1
 7.968  1.544 2
 3.992  2.600 1
 1.418  3.978 1
 2.799 -0.119 1
 7.362  3.924 2
 7.007  4.394 2
 4.212  0.639 1
 2.555  4.978 1
 2.969 -0.073 1
 6.325  2.254 2
 0.361  4.772 1
 1.763  0.423 1
 7.099  4.144 2
 2.641  4.273 1
 6.672  2.578 2
 2.421  4.626 1
 5.294  1.090 2
 6.525  3.474 2
 8.342  2.950 2
 1.712  2.052 1
 1.127  3.058 1
 6.439  2.741 2
 7.906  2.098 2
 7.103  2.668 2
 5.851  3.813 2
 2.868  5.580 1
 8.360  4.515 2
 7.593  1.607 2
 8.075  2.274 2
 7.937  2.253 2
 7.896  4.438 2
 3.076  2.248 1
 1.020  3.651 1
 2.482  3.101 1
 4.847  3.425 2
 2.050  0.212 1
 8.822  4.456 2
 2.803  3.679 1
 3.560  4.287 1
 3.957  5.850 1
 2.392  1.575 1
 2.934  7.825 1
 9.318  5.277 2
