 4.890  2.956 1
 8.843  2.516 2
 2.341  4.345 1
 1.635  5.840 1
 9.111  1.630 2
 8.420  2.683 2
10.270  3.339 2
10.414  2.563 2
 9.512  2.732 2
 2.997 10.944 1
11.250  3.289 2
10.212  2.204 2
 9.427  2.361 2
 2.728  2.119 1
 1.059 -0.841 1
 5.549  1.558 1
11.037  1.931 2
 1.668  0.316 1
 9.985  2.347 2
 8.732  3.807 2
 3.422  2.029 1
 2.881  0.177 1
 9.285  1.697 2
 0.357  8.370 1
10.069  3.082 2
 2.161  1.563 1
 2.139  3.874 1
 1.979  5.165 1
 9.160  2.054 2
10.193  1.289 2
10.548  2.483 2
 8.376  3.843 2
 9.166  2.242 2
 2.511  7.078 1
 9.989  3.775 2
 3.968 -0.327 1
 1.585  4.003 1
 3.225  0.218 1
 3.479  5.472 1
10.155  2.725 2
10.145  4.900 2
10.644  2.329 2
 2.604  5.930 1
10.377  3.501 2
 9.129  3.207 2
11.934  2.708 2
 9.904  1.852 2
 2.090  1.941 1
 3.231  3.200 1
 0.753  3.089 1
 5.455  8.079 1
 0.762  6.855 1
-1.433 -0.093 1
11.654  3.570 2
-1.685  0.083 1
10.139  2.395 2
 8.967  3.842 2
 9.369  2.616 2
 0.880 -1.821 1
12.000  2.167 2
 8.618  3.347 2
 9.059  3.226 2
12.581  3.416 2
 8.866  2.966 2
 9.341  1.081 2
-2.066  6.370 1
 5.814  3.873 1
 9.741  3.807 2
 1.935  4.148 1
 3.026  2.818 1
10.202  3.036 2
 0.354  1.948 1
 9.832  3.361 2
 0.492  3.822 1
 0.576  2.931 1
10.375  4.333 2
 9.958  4.134 2
11.155  3.904 2
10.883  2.131 2
 9.013  3.830 2
11.786  3.664 2
10.387  3.145 2
 1.396  0.253 1
 3.711  0.245 1
10.815  1.710 2
-0.340  4.560 1
-0.261  4.152 1
10.172  3.881 2
 2.330  3.365 1
 8.281  3.549 2
 3.183  0.626 1
 1.412  3.215 1
 9.730  4.394 2
 9.832  4.556 2
 6.888  4.494 2
 7.511  1.845 2
 3.415  2.311 1
10.172  2.598 2
10.211  2.062 2
 1.667  1.487 1
 9.241  2.965 2
 1.109  6.651 1
 2.309  3.829 1
 8.996  3.259 2
12.272  3.787 2
11.796  2.040 2
 0.203  5.221 1
-0.135  7.420 1
11.467  4.007 2
 0.543 -1.267 1
 9.407  3.508 2
11.129  1.846 2
 1.571  2.187 1
 3.194  2.490 1
10.633  4.739 2
 0.792  4.624 1
 8.334  3.155 2
 4.542  6.711 1
 1.241  0.683 1
 4.147  5.073 1
 2.799  4.167 1
 2.685  6.026 1
 1.847  3.326 1
10.950  3.282 2
11.681  4.123 2
 8.497  2.726 2
10.355  3.495 2
 3.681  7.944 1
 1.289  2.862 1
11.055  2.285 2
 3.017 -0.036 1
 9.071  4.386 2
 8.865  3.601 2
 5.833  8.215 1
 2.170 -0.010 1
 6.173  2.161 1
 5.613  4.614 1
 0.820  2.262 1
10.047  2.736 2
-1.630  3.542 1
 2.864  1.590 1
 0.258  2.043 1
10.260  1.919 2
 1.018  4.451 1
11.408  3.439 2
 8.799  4.465 2
 8.698  3.844 2
 8.357  4.895 1
-4.592  5.795 1
 6.944  3.974 1
 2.779  4.149 1
10.402  1.932 2
 9.259  3.254 2
 4.000 -1.383 1
10.188  3.672 2
 0.122  3.119 1
 3.360  2.282 1
 9.518  2.731 2
10.777  3.467 2
 3.728  6.425 1
 1.985  0.918 1
 9.869  3.182 2
 3.348  4.535 1
 1.852  1.764 1
 3.898  1.892 1
 9.296  2.463 2
 2.790  1.696 1
 2.411  3.410 1
 8.512  4.511 2
 1.182  2.628 1
10.908  2.464 2
 7.629  2.812 2
10.757  2.679 2
 1.155 -1.019 1
11.006  2.799 2
10.126  3.641 2
-1.407  2.985 1
-1.508  3.699 1
 5.174  4.077 1
 3.609 -1.393 1
 3.326  3.478 1
10.612  4.146 2
10.355  4.769 2
 9.917  3.670 2
10.914  0.679 2
11.023  3.762 2
11.191  3.188 2
 3.048  7.038 1
11.687  2.784 2
 4.291  2.316 1
 9.264  2.323 2
 9.376  0.666 2
 2.098  3.506 1
 9.854  4.106 2
-1.716  2.786 1
11.383  2.896 2
 4.901  5.577 1
10.526  3.208 2
-1.542  3.890 1
 5.083  8.206 1
 8.846  3.526 2
 1.267  0.782 1
 4.918  5.308 1
 3.007  2.331 1
 4.077  3.230 1
 9.780  2.446 2
 9.174  3.171 2
 9.455  3.166 2
 0.205  7.208 1
 2.177  5.173 1
 9.419  2.723 2
 2.597  7.369 1
 2.867  2.146 1
10.079  1.979 2
 0.771  2.321 1
 2.826  1.670 1
 9.323  3.285 2
 1.492  3.597 1
 8.318  3.082 2
-0.566  6.430 1
-0.486 -0.012 1
-0.449  3.647 1
 6.600  3.501 1
 1.456  1.754 1
 9.249  2.247 2
10.209  3.737 2
10.549  3.577 2
 9.411  2.817 2
-1.468  4.116 1
 8.804  3.509 2
 0.689  3.320 1
 0.553 -2.473 1
 9.362  2.683 2
 9.285  3.924 2
10.697  3.779 2
 1.090 -0.484 1
 3.729  7.712 1
 3.009  1.100 1
 8.848  1.662 2
 8.282  3.472 2
 7.588  2.256 2
-0.423 -0.434 1
 4.681  0.931 1
11.069  3.375 2
 2.361  3.965 1
10.472  3.180 2
 3.654  6.868 1
 8.402  1.857 2
-0.703  2.033 1
 0.187  2.573 1
 0.358  4.102 1
 1.965  5.614 1
 3.447  1.017 1
10.448  3.264 2
 0.993  1.333 1
 3.329 -1.111 1
10.878  3.538 2
 2.316  1.760 1
-0.304  1.924 1
 9.426  3.281 2
-1.125  7.242 1
10.675  2.181 2
 3.077  3.064 1
 2.750 -0.780 1
 0.260  2.650 1
10.150  2.901 2
10.585  3.106 2
11.008  2.683 2
10.648  1.292 2
10.839  3.596 2
 1.861  2.011 1
-0.617  4.360 1
 2.578  6.445 1
 8.946  1.770 2
 9.040  4.596 2
-1.557  2.076 1
10.817  3.113 2
 9.053  2.581 2
10.022  2.480 2
-0.802  5.795 1
11.355  1.697 2
 0.662  2.557 1
 0.572  4.361 1
 5.442  2.740 1
12.126  1.743 2
10.450  4.454 2
10.434  3.874 2
11.905  4.711 2
 0.943  3.286 1
11.081  3.193 2
11.119  2.473 2
 1.631  4.869 1
10.794  3.502 2
11.761  2.540 2
11.073  3.150 2
10.375  3.083 2
 9.409  4.550 2
10.933  3.528 2
 9.993  2.515 2
12.767  2.727 2
11.105  4.267 2
 0.353  4.837 1
 9.346  3.086 2
 2.406  0.395 1
-1.247 -0.232 1
10.643  3.866 2
10.912  3.072 2
 6.032  3.614 1
 1.347  8.637 1
 9.328  3.249 2
 9.536  2.515 2
 3.039  4.841 1
 9.657  4.142 2
-1.424  2.160 1
 8.767  2.614 2
 9.657  2.235 2
10.747  4.034 2
-2.019  4.351 1
 9.488  2.704 2
 8.799  2.796 2
 5.247  1.262 1
 3.451  1.425 1
-0.729 -1.254 1
10.108  3.060 2
 9.195  2.931 2
-0.404  7.638 1
-0.842 -0.441 1
10.306  1.422 2
 9.652  2.085 2
 4.002  6.197 1
-1.225  4.348 1
-0.344  2.162 1
-0.738  3.195 1
 3.670  6.616 1
 8.963  1.925 2
 9.755  3.108 2
 1.345  5.064 1
 5.022  5.215 1
10.341  3.558 2
 2.950  2.955 1
11.170  3.464 2
11.450  2.931 2
 9.920  3.475 2
 2.844  3.887 1
 2.507  1.640 1
10.260  2.528 2
 8.662  1.453 2
10.179  3.438 2
 8.780  1.978 2
 9.405  3.006 2
 1.493  8.120 1
 9.090  4.219 2
11.401  1.009 2
 0.623 -0.381 1
 2.725  1.831 1
 1.207  1.569 1
11.429  3.033 2
 3.714  2.824 1
10.148  1.215 2
 3.135  2.404 1
 8.562  3.378 2
 0.315  3.391 1
 0.550  2.307 1
11.021  4.767 2
 9.779  3.495 2
11.024  4.010 2
 3.612  4.487 1
 1.126  3.859 1
10.604  3.159 2
10.794  3.046 2
 9.523  3.515 2
 5.865  2.767 1
-0.299  4.129 1
 2.699  2.235 1
10.207  1.734 2
 0.052  5.536 1
 4.322  0.408 1
 3.376  4.551 1
10.859  3.918 2
 1.067  4.624 1
-1.188  0.973 1
 2.922  0.907 1
 1.163  4.617 1
 9.777  3.095 2
 2.209  2.764 1
10.048  2.172 2
 9.560  4.364 2
 2.481  1.431 1
 3.952  1.862 1
12.091  3.130 2
-2.897  7.146 1
 1.959  1.734 1
 1.916  3.869 1
-1.872  6.073 1
-1.236  4.318 1
 3.060  5.701 1
 4.753  0.457 1
 9.242  1.161 2
11.337  3.210 2
 2.239 -2.479 1
 3.356  0.450 1
 4.439  2.794 1
 5.477  2.488 1
 3.540  0.277 1
11.601  2.076 2
 0.720  5.024 1
 9.840  2.403 2
 3.817  3.352 1
 2.699  4.922 1
-0.985  4.405 1
 9.619  1.290 2
 0.173 -1.210 1
 3.267  1.454 1
 9.826  3.460 2
 0.855  0.740 1
-0.264  6.570 1
 4.361  5.833 1
 2.695  4.916 1
10.242  4.020 2
 9.177  3.426 2
 9.099  2.652 2
 7.894  3.935 2
 2.843  3.205 1
10.243  3.529 2
10.920  2.970 2
 1.333  1.993 1
 9.648  3.951 2
 2.144  3.574 1
 9.632  1.318 2
 1.817  5.756 1
11.858  1.359 2
10.780  2.552 2
 9.572  4.060 2
 2.804  8.051 1
 0.556 -3.045 1
 2.072 -0.680 1
 9.704  2.286 2
 2.828  6.800 1
-3.025  8.899 1
 8.884  3.945 2
 1.003  3.077 1
 8.608  2.049 2
 1.602  5.391 1
 1.214 -2.922 1
 0.672 -4.016 1
 0.434  1.411 1
 1.817  7.590 1
 9.654  3.428 2
 2.050  0.171 1
 1.429  7.485 1
-0.997  3.769 1
 2.296  3.866 1
 4.419  6.267 1
10.871  3.559 2
11.166  1.772 2
 1.387  4.356 1
 9.915  1.895 2
 2.262  4.298 1
11.685  3.808 2
 9.958  1.896 2
 8.889  3.488 2
 9.472  2.932 2
10.709  1.778 2
-0.101  4.381 1
11.269  1.530 2
 2.747 -0.903 1
 9.833  4.271 2
12.320  3.542 2
 9.267  1.966 2
10.546  3.282 2
10.407  2.511 2
 1.490  1.332 1
 4.748  7.274 1
10.437  2.843 2
 5.515  1.269 1
 0.695 -0.205 1
 1.847  2.799 1
 9.693  4.242 2
 9.374  2.842 2
 1.774  1.834 1
10.737  3.648 2
 2.319  0.487 1
-1.041  2.168 1
 1.901  3.506 1
 1.421  3.800 1
10.295  3.971 2
 3.027  1.636 1
10.867  2.088 2
 9.174  1.671 2
11.146  4.216 2
 9.878  2.406 2
11.084  2.456 2
10.884  3.580 2
10.996  4.209 2
 1.764  3.793 1
-0.206  2.647 1
-2.730  4.873 1
 2.809  1.264 1
 9.812  3.244 2
10.859  2.714 2
-0.449  3.514 1
10.900  4.476 2
 3.367  4.504 1
 5.358  5.529 1
10.108  3.981 2
10.180  2.984 2
 1.086 -1.818 1
 8.999  4.022 2
 7.674  4.031 2
 3.504  6.063 1
 2.649  3.180 1
-0.523  2.252 1
11.439  4.283 2
 2.973  2.804 1
 9.463  3.191 2
 1.236  6.602 1
10.006  2.769 2
10.149  3.533 2
 9.834  3.875 2
11.205  2.427 2
 8.134  2.784 2
 0.725  2.733 1
 0.947  5.722 1
 4.045  0.205 1
 6.430  4.222 1
 2.567  9.195 1
 8.970  1.962 2
 9.070  3.709 2
 9.128  4.247 2
 5.342  1.110 1
 9.837  2.235 2
 3.088  3.774 1
10.772  2.231 2
11.951  1.531 2
 2.213  7.376 1
-0.892 -1.133 1
 9.654  3.799 2
10.573  0.497 2
 2.693  2.869 1
10.211  2.113 2
 8.193  5.758 2
 9.636  1.365 2
10.575  4.765 2
 9.076  2.802 2
 8.129  3.794 2
 4.016  1.828 1
 1.176  1.966 1
10.422  4.292 2
10.277  4.126 2
10.315  4.047 2
10.342  3.890 2
 9.151  2.039 2
11.535  1.199 2
 3.984  5.654 1
 2.009  4.753 1
 0.696  5.835 1
 1.972  1.870 1
 3.806  4.503 1
10.730  3.130 2
 3.287  1.436 1
 9.938  2.930 2
10.267  4.273 2
 2.889  4.078 1
 3.576  2.324 1
-2.231  3.408 1
 0.715  6.419 1
-0.238  7.850 1
12.402  1.839 2
 4.710 -1.685 1
 9.296  2.035 2
10.965  2.862 2
 9.751  3.767 2
 5.888  1.444 1
 9.922  2.925 2
 0.438  0.213 1
-1.176  1.831 1
 4.729  3.741 1
 9.618  2.779 2
 6.041  3.926 1
10.090  3.791 2
-0.070  6.299 1
 2.924  0.817 1
 2.720  4.597 1
 1.394  3.064 1
 8.251  2.170 2
-0.240  0.083 1
10.640  2.874 2
 1.820 -2.540 1
10.661  2.285 2
 9.677  2.772 2
 1.191  2.951 1
 2.654  4.536 1
 8.796  3.430 2
 9.936  1.831 2
-0.450  3.411 1
10.696  3.474 2
 2.090  4.615 1
11.295  2.801 2
 3.987  0.819 1
 9.598  3.157 2
 8.813  2.035 2
 8.792  4.870 2
-1.311  0.874 1
 2.033  0.956 1
11.580  2.630 2
 0.729  3.144 1
 9.775  2.300 2
 4.477 -1.491 1
 8.950  2.349 2
10.922  3.425 2
 8.735  3.036 2
10.239  5.238 2
 7.680  3.017 2
 8.371  2.510 2
 2.842  6.746 1
 9.384  3.138 2
 8.071  4.431 2
 0.005  1.618 1
 1.381  4.844 1
 9.510  3.428 2
-1.068  5.241 1
 0.044  0.116 1
-2.814  1.130 1
 8.585  1.644 2
10.925  2.748 2
10.354  2.328 2
 0.554 -1.122 1
 1.254  7.828 1
 4.770  3.118 1
 9.603  2.523 2
10.304  2.657 2
 3.343 -2.604 1
10.006  3.751 2
 1.243  2.881 1
 0.471  0.141 1
 4.505  1.442 1
 2.546  8.540 1
 1.886  1.848 1
 9.233  4.110 2
 9.709  4.241 2
 9.154  1.958 2
-0.740  2.424 1
-0.221  4.182 1
10.152  2.537 2
 8.806  3.969 2
 0.072  0.747 1
 2.617 -0.919 1
 9.153  1.305 2
 0.992  3.174 1
10.574  4.121 2
 2.407  4.893 1
 9.228  1.283 2
 7.463  2.421 2
 1.184  4.365 1
 3.665  6.998 1
 2.125  1.927 1
-0.701  4.561 1
 3.666  3.885 1
 4.972  2.280 1
 9.899  1.998 2
 9.419  1.891 2
 4.780  7.972 1
 8.675  3.369 2
 4.338  6.150 1
11.379  2.878 2
 9.014  1.220 2
 1.217  2.113 1
 9.903  2.246 2
11.169  4.044 2
 1.596  0.902 1
 2.249  3.132 1
 2.184  1.931 1
 0.676  0.928 1
-2.756  2.697 1
-0.956  3.304 1
 2.338  0.976 1
 1.428 -0.993 1
 5.173 -0.595 1
 9.179  2.619 2
 1.895  3.553 1
11.942  1.341 2
 4.646  2.443 1
 2.001 -1.053 1
 3.676  7.114 1
11.201  2.350 2
 9.811  4.529 2
-0.110  4.394 1
 3.729  2.968 1
 3.433  1.481 1
 3.578  3.297 1
 8.806  3.457 2
-3.180  1.914 1
 4.755  4.311 1
 4.073  6.020 1
10.182  4.886 2
10.978  4.560 2
 2.639 -1.917 1
 8.572  0.590 2
 3.203  1.800 1
 9.342  4.499 2
 9.359  2.566 2
 1.783  5.774 1
10.156  3.948 2
 2.878  4.971 1
 0.609  6.098 1
11.113  1.423 2
10.153  3.144 2
10.798  2.936 2
 9.003  3.704 2
10.289  5.479 2
 2.876  4.640 1
 9.881  4.722 2
 4.410  3.315 1
-0.406  8.598 1
10.410  2.509 2
 9.114  3.701 2
 5.374 -0.610 1
 5.687  2.637 1
11.063  1.686 2
 9.749  2.405 2
 4.143  2.380 1
 9.040  2.059 2
 0.157  2.674 1
 3.866  0.611 1
 0.703  1.203 1
11.705  3.909 2
10.156  3.984 2
10.965  2.550 2
 1.733  1.719 1
 9.327  2.195 2
 9.483  3.457 2
10.022  2.761 2
 7.638  2.713 2
 2.014  6.857 1
12.066  2.484 2
 9.629  2.950 2
 1.223  6.224 1
 5.226  5.922 1
 9.629  3.435 2
 8.784  3.977 2
 9.785  2.086 2
 8.574  4.422 2
 0.803  5.521 1
 2.495  4.764 1
 2.395  3.222 1
 3.425  2.822 1
 9.036  3.460 2
 3.384  4.008 1
 9.511  3.298 2
10.335  3.978 2
 2.454 -1.453 1
 3.339 -1.083 1
 9.500  3.672 2
10.862  2.224 2
-1.685  1.057 1
10.477  1.779 2
10.245  2.874 2
 4.564  2.297 1
11.593  2.370 2
 3.595  4.261 1
10.574  1.890 2
10.286  3.741 2
 3.874  5.507 1
 8.593  3.303 2
10.620  3.169 2
10.651  3.739 2
 1.893  5.132 1
 1.558  2.846 1
10.767  2.631 2
 9.673  2.472 2
 8.809  2.190 2
 4.977  1.795 1
10.561  2.706 2
 8.406  3.325 2
 9.093  3.487 2
11.232  2.021 2
 9.305  1.836 2
-0.553  4.085 1
 3.156  4.436 1
 2.626  1.920 1
 8.120  2.700 2
 1.372 -1.566 1
 7.777  1.853 2
 9.186  3.032 2
 3.379  0.203 1
 9.602  3.341 2
 5.433  0.791 1
 2.941  2.837 1
 8.046  2.426 2
 1.748  3.807 1
 9.265  2.934 2
11.410  1.076 2
10.149  4.578 2
11.110  3.508 2
 6.587  4.196 1
11.358  3.160 2
10.177  3.623 2
 0.708  2.313 1
 9.796  3.457 2
-2.010  0.978 1
10.063  6.120 2
 5.111  0.318 1
10.755  3.166 2
 0.451  0.508 1
 2.139  4.287 1
 0.358  3.532 1
10.817  1.868 2
10.864  3.365 2
-0.069  2.895 1
 1.087  3.587 1
 8.953  3.560 2
 8.914  3.131 2
 9.715  1.171 2
 1.410  4.716 1
10.249  0.683 2
 9.065  3.926 2
 1.456  4.541 1
 3.198  1.396 1
 6.052  6.143 1
 9.143  3.112 2
10.220  4.038 2
 1.109  1.174 1
 9.475  3.930 2
 9.055  4.737 2
 8.813  1.651 2
10.084  2.970 2
 0.784  3.462 1
 9.764  3.505 2
11.470  4.467 2
 2.156  3.732 1
-0.248  4.013 1
10.136  1.909 2
 3.112  3.503 1
 9.833  3.264 2
-0.685  5.071 1
11.591  3.847 2
 5.834  6.997 1
10.497  0.118 2
 0.891  5.092 1
 9.395  2.271 2
 9.050  2.095 2
11.050  3.046 2
-1.466  2.172 1
 1.069  4.315 1
 1.264  4.683 1
 1.539  1.958 1
 5.932  4.360 1
 2.800 -2.852 1
10.186  3.234 2
 1.243  4.937 1
10.762  1.914 2
 9.984  2.445 2
 8.912  4.043 2
 1.498  3.674 1
 2.713  3.572 1
11.016  2.698 2
 6.991  0.630 1
 0.229  0.445 1
10.237  3.239 2
 0.127  1.952 1
-0.849  1.957 1
10.760  2.763 2
 2.544  1.410 1
11.412  5.820 2
 4.496  1.730 1
11.196  3.468 2
-0.408  3.371 1
 8.167  3.605 2
 9.041  3.650 2
10.869  4.591 2
 8.805  3.175 2
-2.374  6.436 1
10.609  3.976 2
 2.112  0.063 1
10.486  3.800 2
 9.796  2.688 2
10.360  1.819 2
10.271  3.494 2
11.053  4.755 2
 9.496  1.974 2
-0.190  2.974 1
10.198  2.998 2
 9.530  2.401 2
 4.262  3.599 1
-0.678  7.208 1
 1.092  3.178 1
10.345  1.020 2
-1.574  7.176 1
 2.732  4.681 1
12.106  3.061 2
10.017  2.235 2
11.190  3.297 2
 2.514  0.321 1
10.604  2.840 2
-0.896  4.475 1
 3.270  3.470 1
10.772  1.614 2
 1.789  4.589 1
 9.687  3.268 2
 9.844  2.651 2
10.354  1.857 2
 8.093  3.679 2
 0.870  1.331 1
 4.279  1.115 1
 9.453  2.929 2
10.678  2.987 2
 8.991  1.980 2
10.072  3.120 2
 0.859  8.165 1
10.629  3.206 2
 9.694  4.501 2
 9.924  3.124 2
10.158  3.652 2
10.714  4.714 2
 2.534  1.845 1
 2.127  3.324 1
 8.109  3.769 2
10.189  1.972 2
11.552  2.954 2
-0.477  2.235 1
 1.785  5.706 1
10.520  4.170 2
 9.282  2.710 2
 1.300  5.032 1
 2.487  6.403 1
-0.156  4.915 1
-2.496  0.274 1
-3.897  1.758 1
-3.882  4.670 1
10.482  2.590 2
11.260  4.348 2
 9.341  3.142 2
10.238  4.836 2
 5.004  4.961 1
 3.097  6.771 1
 2.677  2.397 1
 2.563  5.388 1
10.226  4.363 2
-1.005  0.853 1
 2.485  3.041 1
 0.204  0.908 1
11.730  3.810 2
 0.870  5.375 1
10.219  2.229 2
 0.935  7.269 1
-0.811  5.465 1
 9.709  2.516 2
 9.540  2.971 2
 9.912  1.907 2
 9.217  3.305 2
 8.565  3.761 2
 9.735  1.521 2
 2.961  0.898 1
 2.738  5.747 1
 3.135  3.290 1
10.910  3.834 2
 9.214  2.952 2
 9.915  4.056 2
10.179  1.664 2
 1.294  1.815 1
10.153  2.384 2
 8.235  2.035 2
11.560  4.848 2
-4.596  2.948 1
 1.403 -0.034 1
10.312  2.748 2
 1.167  3.207 1
 3.363  1.911 1
 0.937  2.809 1
 1.272  1.885 1
 9.019  2.261 2
-1.281  3.428 1
-1.102  1.696 1
-0.708  6.211 1
 2.046  2.732 1
 1.379  3.940 1
 3.480  2.772 1
 0.312  2.737 1
 1.649  1.387 1
 9.070  2.023 2
10.544  3.006 2
 1.016  2.804 1
-1.722 -0.238 1
11.132  3.089 2
 9.767  2.483 2
 6.396 -1.085 1
 0.390  8.347 1
 8.608  2.906 2
 3.718  4.074 1
 4.655 -3.306 1
 1.610  2.646 1
 8.605  2.363 2
 9.586  3.175 2
10.925  5.449 2
10.108  4.183 2
 8.470  2.892 2
-1.340  5.928 1
 8.436  1.250 2
 2.267  0.232 1
11.420  2.002 2
-2.272  4.412 1
 5.576  4.541 1
 4.424  8.183 1
10.772  3.022 2
 9.446  4.013 2
 9.882  4.807 2
 0.352  2.781 1
 1.821  1.924 1
-0.672  1.894 1
 8.831  3.462 2
-2.099  4.789 1
 1.967  1.340 1
-1.327  0.675 1
 2.079  3.344 1
10.168  2.047 2
 3.142 -0.751 1
 3.331  3.239 1
11.611  3.234 2
 9.227  2.380 2
 0.252  0.720 1
 8.316  1.956 1
10.989  2.783 2
11.811  2.895 2
 9.791  2.718 2
 1.308  3.170 1
 0.375  3.387 1
 1.689  4.931 1
10.601  4.020 2
 1.859  6.366 1
 9.309  2.757 2
10.060  3.626 2
 9.559  0.955 2
 7.169  3.960 1
10.300  3.142 2
 9.962  0.454 2
 0.884  2.773 1
 8.522  4.694 2
-0.235 -1.315 1
10.953  4.208 2
 4.154 -3.221 1
 3.630  4.261 1
 1.061  4.294 1
11.578  3.341 2
 1.021  5.570 1
 5.082  0.369 1
 8.563  2.353 2
 2.798  3.491 1
10.508  2.907 2
 2.846  1.355 1
 3.921  3.074 1
 3.504  6.649 1
 1.599  3.121 1
 3.578  5.575 1
 2.400  2.645 1
 5.670  2.244 1
 6.495  4.461 1
 9.601  4.318 2
 3.410  1.454 1
 2.407 -2.045 1
 2.506 -1.323 1
 0.867  2.573 1
-1.262  4.100 1
 4.378  1.462 1
 9.620  3.142 2
 0.200  5.905 1
10.219  2.705 2
10.741  2.809 2
 9.526  3.362 2
 8.621  2.612 2
10.722  2.682 2
 9.770  3.902 2
 1.819  3.710 1
 3.960  5.186 1
10.105  2.754 2
11.343  3.577 2
-1.268 -0.136 1
 5.908  4.809 1
 1.280  2.400 1
 1.378  7.472 1
 6.281  4.301 1
-0.696 -0.163 1
11.188  3.839 2
 9.380  2.794 2
 3.453  6.217 1
 1.912  5.241 1
 9.826  2.792 2
 0.749  3.080 1
-0.603  6.948 1
 9.665  0.993 2
10.962  3.474 2
 5.656  3.091 1
10.042  2.886 2
10.662  3.194 2
 9.804  2.036 2
 1.670  3.515 1
 1.049  6.552 1
 9.518  3.486 2
 2.557  1.140 1
10.575  3.849 2
-0.052  3.716 1
 5.620 -0.712 1
 3.526  3.685 1
 9.651  2.749 2
 9.773  2.440 2
 0.884  1.917 1
 3.173  2.910 1
11.978  3.378 2
 9.301  1.613 2
 1.901  4.451 1
-0.128  0.860 1
11.524  2.529 2
10.015  3.944 2
 8.465  1.428 2
10.590  4.037 2
 9.911  4.490 2
10.662  2.288 2
 9.899  3.784 2
 9.930  0.937 2
10.015  3.859 2
11.218  2.221 2
 3.646  5.427 1
 9.270  1.291 2
10.069  2.060 2
 2.681  1.799 1
 8.578  4.332 2
11.523  2.832 2
 1.694 -0.358 1
 7.208  2.385 2
 0.125  2.619 1
 4.230  0.583 1
 0.744  1.047 1
10.738  2.041 2
 1.928  2.770 1
 7.571  2.685 2
 9.660  2.628 2
 9.784  3.076 2
10.568  2.848 2
 1.563  5.795 1
 9.594  2.460 2
11.529  2.204 2
 8.167  1.338 2
 3.056  6.971 1
10.841  3.910 2
 9.052  2.744 2
 1.046  1.851 1
 0.868  6.252 1
 6.985  2.083 1
 1.614 -0.088 1
10.515  2.981 2
 4.422  4.499 1
 1.045  3.949 1
 2.319  4.352 1
 9.209  1.466 2
 2.408  3.780 1
 1.244  8.390 1
 1.630  3.157 1
-3.603  1.912 1
10.556  1.932 2
 3.038  5.920 1
 1.575  6.160 1
 9.571  2.701 2
 0.293  1.471 1
 9.986  3.447 2
 1.275  2.084 1
 3.033  1.276 1
-2.514  0.496 1
 5.020  4.603 1
10.052  1.681 2
 5.420  1.772 1
 1.853  0.969 1
 6.296  2.797 1
-1.351  2.097 1
 2.644  4.821 1
 7.975  3.619 2
10.062  4.493 2
10.961  1.662 2
 9.317  4.875 2
 0.066  5.248 1
 0.896  3.161 1
 9.207  3.031 2
 9.514  4.844 2
 8.026  1.584 2
 9.888  4.610 2
 1.960  5.891 1
 1.063  6.045 1
-1.413  4.163 1
 5.213  3.728 1
-0.784  2.977 1
 3.967  1.232 1
 8.392  2.049 2
10.251  3.173 2
11.492  1.286 2
 9.951  1.422 2
 9.503  3.847 2
 9.364  3.101 2
11.776  2.424 2
 3.674  3.071 1
 0.006  1.211 1
 9.526  4.608 2
11.199  2.779 2
 2.050  1.127 1
11.346  3.411 2
 1.272  7.521 1
10.528  2.731 2
10.524  4.530 2
 1.437  6.167 1
 0.713  2.915 1
10.597  2.832 2
-0.374  3.639 1
10.209  4.881 2
 1.777  3.452 1
 8.822  3.855 2
 0.895  1.877 1
 1.209  1.819 1
-0.774  1.206 1
 2.878  5.516 1
 9.097  3.112 2
 0.670  1.885 1
 2.582  4.477 1
 2.578 -0.527 1
10.044  2.781 2
 2.612  2.891 1
 3.362  2.896 1
 3.147  4.689 1
11.978  3.188 2
-0.017  5.969 1
 1.048  0.980 1
 0.580 -0.523 1
11.533  1.587 2
 1.557  3.419 1
 0.135  3.036 1
 1.390 -0.095 1
 1.972  1.907 1
 6.215  6.542 1
 2.256 -0.359 1
 8.904  3.691 2
-0.714  6.267 1
 2.392  2.296 1
 9.592  4.549 2
 1.375  5.051 1
 0.568  5.260 1
10.166  1.985 2
 7.824  3.407 2
 0.756  0.629 1
 1.970 12.133 1
10.107  2.630 2
-1.450 -0.759 1
 9.943  2.043 2
10.591  3.287 2
 0.421 -2.043 1
10.255  2.355 2
-2.338  2.917 1
10.010  1.663 2
 9.882  3.863 2
 8.741  2.206 2
 6.003 -0.454 1
 5.643  2.240 1
 2.594  8.288 1
10.112  4.335 2
10.272  3.054 2
11.209  3.479 2
 9.411  2.945 2
 8.336  3.589 2
11.354  3.097 2
 8.939  4.225 2
 9.267  3.044 2
11.363  4.317 2
10.412  2.478 2
 2.238  7.109 1
 6.194 -0.288 1
-0.866  5.456 1
 8.736  3.569 2
 4.368  3.213 1
 0.547  2.963 1
10.064  3.967 2
 9.660  3.057 2
10.071  2.629 2
-1.519  2.529 1
 9.025  1.706 2
 1.478  3.336 1
-0.003  6.602 1
10.481  2.968 2
 1.531  0.932 1
 1.004  2.179 1
10.381  2.068 2
-0.882  2.603 1
-1.709  7.014 1
-1.119  1.426 1
 5.159 -1.391 1
 2.280  0.262 1
 9.128  3.010 2
 4.605  2.062 1
10.679  2.592 2
-0.625  3.502 1
 1.535 -0.757 1
 9.445  5.640 2
10.945  3.619 2
 9.684  2.810 2
 9.442  3.499 2
 7.700  3.734 2
 8.780  0.280 2
-0.003  7.043 1
 9.994  4.135 2
 9.565  2.182 2
 4.646  6.478 1
10.188  2.058 2
 2.957  1.521 1
 0.658  2.650 1
 2.868  2.675 1
 3.064  5.305 1
 4.750  4.346 1
10.750  2.690 2
10.261  3.793 2
 0.321  4.149 1
 1.966  0.768 1
10.670  4.711 2
10.773  5.274 2
 8.682  2.406 2
 1.937 -2.274 1
 7.571  3.392 2
 9.214  5.224 2
10.312  3.208 2
 9.591  4.475 2
 9.532  3.455 2
10.718  0.345 2
10.282  3.434 2
 1.363  3.987 1
11.114  4.668 2
 1.980  3.579 1
-0.550  1.497 1
 9.525  4.773 2
 9.533  5.365 2
 6.467  1.082 1
-1.088  5.039 1
10.969  3.019 2
 8.091  2.225 1
10.717  2.454 2
-1.303  3.294 1
11.299  0.523 2
 2.250  2.771 1
 8.624  2.426 2
 9.615  4.484 2
 9.728  2.225 2
 9.501  3.600 2
11.354  3.614 2
 7.935  2.969 2
 6.521  9.871 1
 6.158  0.970 1
 9.047  2.705 2
 9.144  2.427 2
-0.626  0.323 1
 1.222 -0.554 1
10.065  1.923 2
-1.112  4.671 1
-0.469  3.268 1
 2.295  0.948 1
 1.438  7.694 1
-0.887  4.931 1
11.741  3.622 2
10.838  2.640 2
10.319  5.636 2
10.244  4.989 2
 9.971  4.673 2
 0.265  0.002 1
10.669  3.641 2
 2.596  3.836 1
 8.893  3.065 2
 5.754  2.330 1
 8.554  3.196 2
10.490  4.328 2
 2.650  5.058 1
10.094  3.279 2
 9.307  2.590 2
 3.499  4.272 1
 0.142  2.564 1
10.629  1.474 2
10.589  3.940 2
 9.715  5.758 2
 5.253  6.053 1
 3.071  2.181 1
10.743  2.728 2
 1.677  2.046 1
-1.159  7.575 1
10.849  1.686 2
10.142  5.548 2
11.709  3.983 2
 9.855  4.729 2
 9.512  5.605 2
10.945  3.576 2
10.689  3.847 2
 5.025 -0.974 1
 8.508  3.147 2
 1.621  1.975 1
-0.132  4.831 1
 6.028  1.709 1
 4.382  3.580 1
 0.247 -0.352 1
 8.616  2.848 2
 3.428  5.402 1
 9.396  1.145 2
 8.889  2.164 2
 9.863  2.765 2
-0.666  2.946 1
-1.364  0.458 1
 1.963  2.718 1
 1.248  2.633 1
-0.119  6.369 1
 9.633  5.648 2
 9.714  2.910 2
 0.831  5.487 1
-4.067  3.812 1
 9.122  2.035 2
 9.851  2.230 2
 1.601  2.452 1
 9.207  2.936 2
 0.054 12.222 1
10.055  5.327 2
11.360  3.695 2
 4.135  5.750 1
 1.252  3.825 1
 8.263  3.004 2
 9.594  1.807 2
 8.928  2.471 2
 2.250  1.650 1
 9.459  2.730 2
 2.695  0.852 1
-2.731  6.989 1
 0.626  5.195 1
 8.846  2.513 2
10.206  4.926 2
 9.318  3.719 2
10.129  1.961 2
 0.409  5.666 1
 7.898  6.781 1
 0.744  4.834 1
 9.645  5.249 2
10.466  4.253 2
 9.699  4.178 2
 8.018  1.064 2
 7.530  5.003 1
 2.563  1.756 1
 2.671  1.896 1
 9.583  4.540 2
 2.191  0.537 1
 1.624  1.028 1
11.682  2.095 2
 9.041  0.815 2
 2.390  0.447 1
 8.822  1.201 2
13.019  4.204 2
 9.334  4.247 2
 9.802  2.089 2
-0.523  4.446 1
 7.977  2.061 2
-0.827  5.185 1
 1.923 -0.576 1
11.166  3.556 2
-1.454  5.769 1
10.090  3.408 2
10.568  3.543 2
 2.272  6.625 1
11.612  2.909 2
11.002  2.945 2
 0.296  6.018 1
 4.264  4.687 1
10.847  1.707 2
-0.483  2.482 1
 2.785  3.562 1
11.206  4.131 2
 2.328  3.362 1
 2.742  3.059 1
 6.439  2.511 1
 9.969  3.956 2
 9.454  3.101 2
 9.640  3.463 2
 9.982  3.206 2
10.572  1.440 2
11.201  2.748 2
 9.418  2.956 2
 3.066  1.305 1
 7.829  4.388 2
11.078  2.089 2
 3.176  7.871 1
 8.475  4.145 2
 9.004  4.596 2
 6.971  1.449 2
 3.113 -0.448 1
10.537  2.048 2
10.312  3.158 2
10.462  2.243 2
-1.966  2.724 1
 7.761  2.652 1
 2.493  3.599 1
10.447  3.621 2
 9.693  3.066 2
10.013  3.335 2
 4.657  0.060 1
 9.851  2.241 2
 9.888  4.289 2
 8.835  2.210 2
 7.230  3.346 1
 3.558 -0.661 1
11.383  2.193 2
10.956  4.377 2
-0.706  6.743 1
 9.839  1.472 2
 9.682  1.464 2
 5.693  4.104 1
 2.905  1.848 1
 9.843  4.140 2
 5.675  0.949 1
10.871  4.159 2
 9.335  0.916 2
-0.167  4.400 1
-3.115  1.749 1
 2.620 -2.308 1
 9.547  4.013 2
 0.173  3.300 1
 9.942  3.995 2
 9.204  3.360 2
 6.639  4.357 1
-0.752  1.032 1
 9.592  5.301 2
 1.445  3.407 1
 3.684  4.608 1
 0.577  3.736 1
10.856  3.855 2
-1.923  1.168 1
 0.473  1.504 1
11.259  2.257 2
 9.284  1.928 2
 1.950  2.780 1
 2.577  4.618 1
 2.329  3.529 1
-0.646 -0.058 1
 4.592  4.099 1
-4.504 -0.899 1
 9.978  5.388 2
 4.713  3.062 1
 1.867  0.649 1
 9.934  1.636 2
 4.005  4.214 1
 0.887  2.161 1
 1.445  4.692 1
10.338  2.715 2
 9.272  2.578 2
 1.401  2.504 1
 2.282  2.978 1
 9.752  3.598 2
 3.227  3.578 1
 9.905  1.267 2
 0.015 -2.912 1
10.867  1.043 2
 2.797  3.164 1
 9.952  2.603 2
10.812  2.716 2
 4.485  5.059 1
-0.347  0.018 1
11.216  2.640 2
10.532  2.203 2
 8.342  3.864 2
10.058  4.913 2
 1.926  8.980 1
 9.690  4.114 2
 9.667  3.618 2
10.545  4.393 2
-0.530  2.428 1
10.224  3.050 2
 3.091  1.404 1
 9.759  3.154 2
 0.305  3.501 1
 0.915  4.322 1
 1.969 -0.052 1
 4.299  4.951 1
 8.837  3.310 2
11.094  1.417 2
 9.299  2.303 2
 6.276  4.169 1
 1.229  6.198 1
 8.437  3.058 2
10.039  2.036 2
10.422  4.332 2
 1.663 -2.995 1
 2.188  0.452 1
10.465  2.491 2
-0.385 -0.280 1
 2.583  3.776 1
 2.707  5.681 1
 9.942  3.008 2
 1.816  4.253 1
10.932  3.511 2
10.113  4.753 2
 3.120  0.642 1
 2.895  2.659 1
 9.043  3.912 2
 1.201  2.539 1
10.464  3.069 2
-1.221  7.010 1
 2.451 -0.415 1
 9.437  4.935 2
 9.890  3.742 2
11.528  1.549 2
 2.691  0.677 1
 8.887  3.737 2
10.252  1.961 2
-0.196 -3.203 1
 9.210  3.667 2
10.090  2.229 2
-0.847 -1.607 1
10.522  4.300 2
 1.625  3.505 1
 2.062  0.604 1
 4.916  4.633 1
 1.941  4.937 1
10.652  2.455 2
 1.773  2.853 1
 9.185  2.855 2
10.112  3.574 2
 1.209  3.219 1
10.678  5.287 2
 4.432  1.648 1
 9.570  2.932 2
 3.750  5.108 1
 1.613  1.674 1
 9.025  3.579 2
10.851  3.236 2
 0.814  3.249 1
 2.025  6.069 1
 9.315  3.660 2
 2.636  4.304 1
 0.569  4.332 1
10.550  3.280 2
 9.787  3.714 2
 0.269 -0.705 1
10.766  2.680 2
10.551  2.683 2
12.150  2.510 2
 0.685  5.975 1
 0.002  2.893 1
11.528  2.939 2
 8.286  0.376 2
 2.169  0.076 1
 3.945  1.148 1
 8.773  3.035 2
-0.422  6.179 1
 3.278  4.042 1
 4.403  3.797 1
 0.329  0.754 1
10.025  2.383 2
10.146  2.239 2
10.203  2.083 2
 9.865  4.059 2
 9.287  4.253 2
 9.445  2.967 2
10.284  3.958 2
 0.667 -0.329 1
 2.140  6.574 1
11.583  2.051 2
 4.089  6.728 1
 8.776  2.513 2
 9.379  4.333 2
 1.957  1.628 1
 3.807 -0.218 1
 8.388  3.395 2
 9.501  2.167 2
 9.197  2.450 2
 9.886  4.805 2
12.666  3.699 2
 1.249  4.123 1
 9.777  1.366 2
 8.580  2.741 2
 0.113  3.245 1
 1.897  2.227 1
 9.030  1.622 2
-0.461  4.900 1
10.984  3.284 2
 8.308  1.990 2
 5.000  7.571 1
11.317  2.517 2
 8.689  3.219 2
10.438  4.277 2
-0.925  4.712 1
 1.007  5.546 1
 2.383  4.898 1
 9.723  4.028 2
11.663  4.427 2
 1.341  2.689 1
10.817  2.922 2
 3.362 -0.671 1
 2.485  1.361 1
10.482  2.153 2
-1.519  5.621 1
 1.011  3.839 1
10.335  3.831 2
-2.028  5.057 1
 2.725  4.955 1
 1.699  2.911 1
10.250  3.294 2
 0.329  4.125 1
 9.966  3.297 2
11.279  2.512 2
 9.783  2.453 2
 8.870  3.420 2
-1.025  5.230 1
 4.582  2.055 1
11.759  1.303 2
 9.215  5.011 2
-0.024  2.692 1
10.820  3.649 2
10.486  2.060 2
 1.458  4.504 1
 0.880  5.668 1
 1.745  3.471 1
 0.356  4.884 1
11.174  3.298 2
11.527  4.510 2
 2.100  4.722 1
10.439  4.269 2
 8.550  3.399 2
 9.205  3.471 2
 1.606  7.681 1
10.578  2.815 2
-0.326  2.499 1
 4.844  1.185 1
 0.255  8.263 1
-1.908  3.932 1
 0.455  3.032 1
 9.325  3.786 2
 3.903  0.009 1
 2.278  2.433 1
 4.948  4.163 1
 8.756  3.394 2
 9.765  2.951 2
 0.339  0.070 1
-0.497  5.580 1
10.554  3.144 2
-0.658 -1.167 1
 1.149  1.466 1
 1.682  7.504 1
10.469  1.857 2
 0.236  1.736 1
 9.306  3.854 2
 0.673  1.687 1
 0.006  2.868 1
 9.991  3.070 2
 0.137  3.881 1
-1.113  5.171 1
10.588  4.351 2
 0.166  3.666 1
11.345  2.721 2
 1.472  2.105 1
 9.777  3.871 2
 2.158  5.064 1
 1.915  3.777 1
 5.843  1.607 1
10.794  2.780 2
 9.884  3.492 2
 4.609  2.114 1
 9.804  5.825 2
10.613  2.602 2
11.259  3.425 2
 4.042  3.726 1
 1.026  4.032 1
10.627  3.104 2
 8.908  4.210 2
 1.236  0.816 1
 9.904  4.133 2
-1.062  0.499 1
 9.314  3.624 2
 9.458  3.228 2
 8.354  2.707 2
 9.874  2.441 2
 1.701  6.123 1
 3.321  4.568 1
 4.645  5.345 1
10.072  3.905 2
11.717  4.175 2
 6.665  2.995 1
 1.172  1.841 1
 0.209  5.812 1
 8.858  4.342 2
 1.535  3.883 1
 9.266  2.176 2
10.942  3.783 2
 2.884  0.832 1
10.926  2.369 2
 0.232  1.376 1
10.075  2.632 2
 8.946  4.753 2
10.656  4.515 2
10.349  2.347 2
10.234  2.104 2
 8.726  1.254 2
 9.936  3.662 2
 0.666  4.111 1
10.251  1.512 2
10.259  3.260 2
 2.844 -0.042 1
 9.880  2.937 2
 7.829  4.554 2
 0.315  4.969 1
 8.101  2.645 2
 0.598 -0.349 1
 9.281  3.143 2
10.093  2.049 2
 8.829  1.506 2
 2.538 -1.469 1
10.209  0.985 2
 8.148  3.525 2
10.406  3.122 2
 9.371  2.131 2
 0.379  2.837 1
 9.715  4.907 2
 9.309  2.667 2
 0.236  7.161 1
10.524  1.366 2
-1.315  4.114 1
10.312  2.387 2
 1.549  2.048 1
10.404  1.899 2
 9.206  2.564 2
 1.910  0.249 1
 2.462 -2.078 1
 0.406  0.422 1
 1.341  4.259 1
 3.145  7.256 1
 2.529  4.820 1
 9.208  3.185 2
 4.459  3.188 1
10.447  2.271 2
10.203  2.858 2
 8.561  1.783 2
 5.972  3.764 1
 1.382  3.567 1
11.040  4.316 2
 2.804  4.203 1
 0.886  3.536 1
12.134  2.318 2
 8.593  1.768 2
 2.373  4.768 1
 3.272  4.547 1
 1.813  2.197 1
 0.556  2.079 1
10.675  4.079 2
10.039  2.800 2
 3.116 -1.803 1
 9.388  2.006 2
 0.695  1.118 1
 2.958  6.693 1
 0.970 -0.100 1
10.007  1.885 2
10.988  1.994 2
10.816  4.835 2
 0.773  2.386 1
10.180  0.966 2
 9.893  3.201 2
 9.473  3.383 2
10.790  4.152 2
 2.265  7.228 1
 1.339  5.906 1
-0.033  0.931 1
 9.639  1.391 2
 0.637  3.204 1
 9.612  3.391 2
 0.374  4.195 1
 2.579  2.723 1
 9.875  2.966 2
 6.515  4.232 1
10.792  1.683 2
10.214  2.732 2
-0.888  1.439 1
 9.645  1.515 2
10.634  3.424 2
-0.818  2.618 1
11.835  2.893 2
 2.627  1.367 1
 2.102  0.927 1
-0.055 -0.382 1
 2.491 -3.332 1
 8.254  2.197 2
 2.826  0.187 1
 9.926  3.103 2
 1.209  1.344 1
 8.186  2.215 2
 9.406  2.406 2
-0.475  4.036 1
10.587  3.870 2
10.763  3.173 2
 0.142  3.338 1
 1.287 -0.522 1
 0.809  6.740 1
-0.365  1.484 1
 9.750  2.788 2
 9.923  2.957 2
 1.796  5.191 1
10.627  3.301 2
 2.445 -0.749 1
10.163  3.016 2
 8.494  3.706 2
 1.308  6.922 1
 9.767  2.087 2
 4.903  1.593 1
 2.981  4.010 1
 8.372  4.669 2
 0.110 -0.077 1
 2.328 -0.212 1
 3.914  3.488 1
10.986  3.403 2
10.153  2.601 2
11.393  3.439 2
-1.036  5.900 1
-2.052  5.742 1
 7.559  3.544 2
 6.686  3.708 1
 1.692  3.518 1
12.029  3.656 2
 1.405  4.314 1
10.609  2.171 2
 2.109  1.616 1
 9.394  3.045 2
 7.549  1.642 2
10.595  2.870 2
-0.794  1.766 1
11.126  1.957 2
11.214  3.426 2
11.299  3.475 2
 3.092 -1.123 1
10.793  0.813 2
10.893  3.520 2
11.117  4.332 2
10.300  2.180 2
10.206  0.424 2
10.267  3.624 2
11.207  3.275 2
10.231  3.453 2
11.550  5.488 2
-0.561  4.289 1
 1.525  2.523 1
 3.180  4.516 1
 4.063  1.156 1
-0.797  1.748 1
 1.034  5.530 1
 9.720  2.227 2
10.277  2.095 2
 0.698  6.634 1
 6.001  2.636 1
 4.444  0.888 1
 9.805  2.585 2
 1.412  4.309 1
 0.639  1.702 1
 0.592  0.465 1
 1.092  0.360 1
10.124  1.730 2
 6.255  6.313 1
 9.978  3.859 2
11.303  2.453 2
 3.811  4.380 1
10.132  3.583 2
 1.843  8.923 1
 8.289  2.810 2
10.498  2.683 2
 4.852  1.445 1
10.295  2.389 2
 0.116  4.620 1
11.760  2.132 2
12.036  1.564 2
 4.518  5.903 1
 1.267  2.319 1
 1.489 -0.665 1
 0.275 -0.890 1
10.257  3.385 2
-0.696  3.735 1
 9.300  3.033 2
 9.084  3.318 2
 1.956  7.546 1
 3.671  3.341 1
 4.235  3.603 1
 4.068  4.044 1
-2.518 -4.286 1
-1.096 -1.301 1
 1.964  0.955 1
10.610  3.782 2
 5.053  1.489 1
 2.704  2.062 1
 2.427  3.163 1
 1.947  1.652 1
 3.207  4.809 1
10.868  3.202 2
 1.599  1.546 1
 0.320  3.327 1
 9.630  3.107 2
11.634  2.761 2
10.165  3.040 2
 2.881  4.795 1
 5.103  6.188 1
10.131  3.778 2
 9.675  4.665 2
 1.211 -0.289 1
 2.526  3.938 1
-1.170  2.336 1
